ABDC,2015,5.266666666666666666666666667,72482.854,nan,nan,25.15,0.12,1.56,4.63,nan,17.37,nan,-30.3,-30.11,nan,nan,nan,nan,35.97,nan,nan,0.5,nan,nan,nan,nan,0.12,0.03189655172413793103448275862
ACSF,2016,4.866666666666666666666666667,74497.901,nan,74.21,173.34,0.07,1.88,23.95,6.59,-8.7,-9.01,nan,nan,nan,nan,4.84,6.03,46.85,0.8,0.78,0.77,61.28,nan,5.96,nan,0.07,-0.1159663865546218487394957983
ACSF,2015,5.266666666666666666666666667,72482.854,nan,76.11,-75.08,0.07,2.0,-11.19,-12.86,8.28,17.24,nan,nan,nan,nan,2.86,3.26,49.99,0.88,0.83,0.93,61.42,nan,5.94,nan,0.07,0.2105798575788402848423194303
ACSF,2014,6.175,69710.435,nan,73.55,23.34,0.06,1.96,2.63,-3.77,nan,nan,nan,nan,nan,nan,2.16,48.94,48.94,0.04,0.04,nan,64.63,nan,5.65,nan,0.06,-0.1882741535920726672171758877
AINV,2016,4.866666666666666666666666667,74497.901,nan,67.0,-11.73,0.11,1.88,-2.49,-8.55,-12.43,-15.23,nan,nan,nan,nan,4.69,3.59,46.8,1.31,1.22,0.81,100.66,nan,3.63,nan,0.11,-0.03412969283276450511945392491
AINV,2015,5.266666666666666666666666667,72482.854,nan,67.21,17.39,0.12,1.84,3.78,-6.82,13.71,13.28,-72.16,-72.88,nan,nan,5.93,3.5,45.59,1.7,1.38,0.77,82.85,nan,4.41,nan,0.12,0.1226053639846743295019157088
AINV,2014,6.175,69710.435,nan,67.59,71.03,0.12,1.78,14.53,0.09,14.87,20.25,159.28,131.37,nan,nan,4.48,5.99,43.67,0.75,0.6,0.67,40.66,nan,8.98,nan,0.12,-0.2964959568733153638814016173
AINV,2013,7.358333333333333333333333333,66766.067,100.0,67.94,31.47,0.12,1.76,6.21,-4.83,-7.16,-3.12,nan,nan,nan,nan,3.19,3.77,43.03,0.85,0.58,0.69,17.63,nan,20.7,nan,0.12,-0.125
AINV,2012,8.075,64621.020,100.0,66.87,-24.12,0.12,1.65,-4.73,-11.86,-0.33,-9.64,nan,nan,nan,nan,3.54,2.91,39.28,1.22,0.98,0.6,21.86,nan,16.7,nan,0.12,0.01435406698564593301435406699
ARCC,2016,4.866666666666666666666666667,74497.901,86.96,69.27,48.91,0.11,1.79,9.17,7.11,-1.3,-6.84,25.18,25.83,nan,nan,3.94,2.23,44.13,1.76,1.76,0.75,5.23,163.96,69.79,nan,0.11,-0.04669496664645239539114614918
ARCC,2015,5.266666666666666666666666667,72482.854,89.56,73.46,38.73,0.11,1.84,7.24,-2.0,3.68,11.95,-35.92,-38.14,nan,nan,4.14,2.3,45.72,1.8,1.8,0.8,0.15,241.6,2387.31,nan,0.11,0.1571929824561403508771929825
ARCC,2014,6.175,69710.435,84.02,67.95,61.58,0.11,1.8,11.6,0.95,12.16,9.11,20.97,6.01,nan,nan,3.75,3.05,44.37,1.23,1.23,0.74,23.88,174.48,15.28,nan,0.11,-0.08712363869314541960281870596
ARCC,2013,7.358333333333333333333333333,66766.067,86.79,69.86,57.01,0.12,1.66,10.99,0.36,17.87,22.46,-3.87,-17.19,nan,nan,4.94,3.08,39.76,1.6,1.6,0.61,26.64,97.94,13.7,nan,0.12,-0.1215531795160382667416994935
ARCC,2012,8.075,64621.020,84.21,67.24,69.43,0.13,1.6,14.24,1.62,17.89,21.97,59.08,41.67,nan,nan,5.91,3.39,37.69,1.74,1.74,0.55,0.17,86.07,2196.84,nan,0.13,0.01542857142857142857142857143
BKCC,2015,5.266666666666666666666666667,72482.854,nan,nan,36.74,0.09,1.53,5.03,nan,-4.24,nan,-71.86,-69.41,nan,nan,nan,nan,34.47,nan,nan,0.48,nan,nan,nan,nan,0.09,-0.2595744680851063829787234043
BKCC,2014,6.175,69710.435,nan,nan,124.96,0.09,1.67,18.4,nan,1.11,nan,47.59,42.86,nan,nan,nan,nan,39.94,nan,nan,0.57,nan,nan,nan,nan,0.09,0.1463414634146341463414634146
BKCC,2013,7.358333333333333333333333333,66766.067,nan,nan,83.99,0.09,1.81,13.31,nan,-13.29,nan,62.14,52.76,nan,nan,nan,nan,44.63,nan,nan,0.67,nan,nan,nan,nan,0.09,-0.1211146838156484458735262594
BKCC,2012,8.075,64621.020,nan,nan,44.92,0.12,1.59,8.26,nan,11.09,nan,-25.44,-25.81,nan,nan,nan,nan,36.94,nan,nan,0.5,nan,nan,nan,nan,0.12,-0.07256461232604373757455268390
CPTA,2016,4.866666666666666666666666667,74497.901,100.0,nan,nan,0.02,2.8,-373.43,-373.43,nan,nan,nan,nan,nan,168.49,55.91,47.16,64.25,1.19,1.09,nan,2830.63,nan,0.13,0.09,0.02,-0.4369682907965970610982211910
DHXM,2016,4.866666666666666666666666667,74497.901,52.64,21.11,10.76,0.36,nan,nan,nan,15.44,7.64,41.65,37.5,nan,6.65,56.84,46.0,100.0,1.97,1.02,nan,106.44,nan,3.43,17.17,0.36,-0.3238095238095238095238095238
DHXM,2015,5.266666666666666666666666667,72482.854,50.72,22.64,9.57,0.43,nan,nan,nan,127.36,224.58,150.07,128.57,385.55,2.07,54.1,43.77,100.0,1.83,0.92,nan,95.46,nan,3.82,18.0,0.43,-0.2069486404833836858006042296
DHXM,2014,6.175,69710.435,52.18,15.86,10.28,0.31,nan,nan,nan,19.4,191.96,319.95,250.0,nan,2.33,63.32,63.12,100.0,2.12,0.92,nan,126.78,46.42,2.88,14.13,0.31,-0.2024096385542168674698795181
DHXM,2013,7.358333333333333333333333333,66766.067,47.12,6.49,3.4,0.42,nan,nan,nan,33.88,33.84,-38.96,-60.0,nan,1.99,63.66,69.31,100.0,1.84,0.76,nan,99.23,27.39,3.68,14.47,0.42,0.5869980879541108986615678776
FDUS,2016,4.866666666666666666666666667,74497.901,86.3,62.46,69.73,0.11,1.66,13.83,-0.05,10.98,0.53,60.03,41.88,nan,nan,10.62,2.3,39.7,4.61,4.55,0.62,nan,13.64,nan,nan,0.11,-0.06354102405922270203578038248
FDUS,2015,5.266666666666666666666666667,72482.854,86.1,66.91,48.59,0.12,1.96,10.59,-3.24,17.68,13.6,33.32,17.65,nan,nan,7.7,1.89,49.05,4.07,3.94,0.93,nan,10.26,nan,nan,0.12,0.1840759678597516435354273192
FDUS,2014,6.175,69710.435,87.21,67.59,43.08,0.11,1.79,8.58,-3.25,10.35,21.09,-28.37,-32.34,nan,nan,9.01,2.03,44.15,4.45,3.82,0.75,nan,16.52,nan,nan,0.11,-0.07811447811447811447811447811
FDUS,2013,7.358333333333333333333333333,66766.067,87.41,63.69,65.68,0.12,1.74,13.8,-1.45,23.47,24.54,40.14,5.24,nan,nan,15.56,3.17,42.51,4.91,4.8,0.68,nan,26.4,nan,nan,0.12,-0.3169273229070837166513339466
FDUS,2012,8.075,64621.020,87.48,65.33,57.36,0.12,1.82,12.0,-2.47,44.74,36.05,26.16,17.18,nan,nan,17.85,1.87,45.16,9.52,8.84,0.79,nan,32.51,nan,nan,0.12,0.3215805471124620060790273556
FRBA,2016,4.866666666666666666666666667,74497.901,nan,nan,34.74,0.03,12.09,8.13,nan,19.9,nan,64.81,48.78,nan,1.5,nan,nan,91.73,nan,nan,0.97,nan,nan,nan,9.0,0.03,0.1939655172413793103448275862
FTC,2016,4.866666666666666666666666667,74497.901,26.83,-49.8,-51.83,0.82,2.13,-60.71,-55.01,-22.51,nan,nan,nan,nan,3.37,67.07,52.95,53.14,1.27,0.92,nan,186.98,209.98,1.95,8.98,0.82,0.2477569331158238172920065253
FTC,2015,5.266666666666666666666666667,72482.854,34.5,-60.92,-63.03,0.85,1.81,-82.0,-80.99,-46.74,nan,nan,nan,nan,2.06,67.28,44.45,44.8,1.51,1.28,nan,160.01,179.72,2.28,7.52,0.85,0.01721634515660651317154117403
FTC,2014,6.175,69710.435,42.74,-11.2,-11.16,1.07,1.5,-15.18,-15.03,-17.7,nan,nan,nan,nan,3.22,64.57,31.29,33.49,2.06,1.56,nan,141.02,153.34,2.59,11.21,1.07,0.03766681015927679724494188549
FTC,2013,7.358333333333333333333333333,66766.067,42.35,1.58,0.6,1.19,1.8,1.42,1.39,53.27,nan,711.43,625.0,nan,3.83,69.52,42.64,44.43,1.63,1.27,nan,119.02,nan,3.07,14.86,1.19,0.13427734375
FTC,2012,8.075,64621.020,100.0,-6.33,-6.27,0.89,1.56,0.18,0.12,68.02,nan,nan,nan,nan,2.22,58.46,31.81,35.94,1.84,1.35,nan,99.56,152.09,3.67,10.73,0.89,0.3708165997322623828647925033
FAB,2016,4.866666666666666666666666667,74497.901,58.28,1.87,1.84,1.32,1.28,141.93,141.98,62.9,nan,nan,nan,nan,2.41,37.01,20.95,22.02,1.77,1.7,nan,50.66,71.55,7.2,34.28,1.32,0.1289875173370319001386962552
FAB,2015,5.266666666666666666666666667,72482.854,49.36,-10.86,-10.94,2.45,2.19,-50.27,-49.94,nan,nan,nan,nan,nan,1.23,90.18,48.97,54.36,1.84,1.59,nan,68.06,114.09,5.36,24.95,2.45,0.2388316151202749140893470790
SVVC,2016,4.866666666666666666666666667,74497.901,nan,-436.83,nan,0.01,1.01,-15.2,-15.72,-58.2,nan,nan,nan,nan,nan,1.83,0.93,0.93,1.97,1.97,nan,884.95,nan,0.41,nan,0.01,0.1681877444589308996088657106
SVVC,2015,5.266666666666666666666666667,72482.854,nan,-139.32,-673.6,0.01,1.01,-7.35,-8.34,-13.62,nan,nan,nan,nan,nan,2.95,0.62,0.62,4.77,3.86,nan,298.56,nan,1.22,nan,0.01,-0.06119951040391676866585067319
SVVC,2014,6.175,69710.435,100.0,-220.9,657.27,0.01,1.26,6.85,6.03,101.2,nan,-68.26,-69.48,nan,nan,27.23,20.39,20.39,1.34,1.34,nan,nan,nan,nan,nan,0.01,-0.5619302949061662198391420912
SVVC,2013,7.358333333333333333333333333,66766.067,100.0,-375.74,nan,nan,1.59,22.24,21.74,75.5,nan,nan,nan,nan,nan,20.76,2.45,37.28,8.47,8.47,nan,153.59,nan,2.38,nan,nan,-0.1950798446266724212343547691
SVVC,2012,8.075,64621.020,100.0,-469.06,nan,nan,1.01,-10.87,-10.87,124.67,nan,nan,nan,nan,nan,69.95,0.58,0.58,121.01,121.01,nan,361.26,nan,1.01,nan,nan,0.3285550458715596330275229358
LKOR,2016,4.866666666666666666666666667,74497.901,50.07,8.02,5.21,1.04,1.56,6.42,5.36,-9.08,-10.0,-28.97,-28.41,199.0,9.56,25.04,16.59,35.68,1.51,0.77,0.2,24.74,57.18,14.76,1.54,1.04,0.09472422062350119904076738609
LKOR,2015,5.266666666666666666666666667,72482.854,49.7,8.1,6.77,1.02,1.56,7.53,6.68,-28.26,-5.64,10.36,17.56,nan,10.46,24.17,13.87,35.7,1.75,1.04,0.24,24.28,46.31,15.03,1.45,1.02,0.01111335623358254192766215397
ESG,2016,4.866666666666666666666666667,74497.901,20.33,-89.78,-116.95,0.34,2.4,-74.44,-49.99,-17.26,nan,nan,nan,nan,11.29,44.84,32.97,58.2,1.37,0.65,0.51,166.03,71.84,2.2,594.62,0.34,0.2078982342889690525916081261
GARS,2016,4.866666666666666666666666667,74497.901,nan,71.06,-11.2,0.1,2.04,-2.24,-8.76,-16.3,-36.26,nan,nan,nan,nan,6.99,0.5,50.95,14.02,7.82,1.03,15.5,nan,23.55,nan,0.1,-0.1326203208556149732620320856
GARS,2015,5.266666666666666666666666667,72482.854,nan,72.83,-7.13,0.11,2.01,-1.49,-9.89,1.7,35.66,nan,nan,nan,nan,9.54,0.85,50.34,11.24,8.24,1.0,11.3,nan,32.28,nan,0.11,-0.2317173377156943303204601479
GARS,2014,6.175,69710.435,nan,58.28,60.41,0.1,1.94,11.83,-2.55,49.26,14.16,29.72,17.42,nan,nan,6.53,0.89,48.38,7.37,4.19,0.92,29.93,nan,12.2,nan,0.1,-0.1572022160664819944598337950
GARS,2013,7.358333333333333333333333333,66766.067,100.0,65.35,69.52,0.08,1.91,10.99,-0.97,42.94,132.35,437.21,269.05,nan,nan,10.5,2.39,47.62,4.4,1.99,0.86,35.96,nan,10.15,nan,0.08,0.04034582132564841498559077810
GAIN,2016,4.866666666666666666666666667,74497.901,nan,45.16,48.78,nan,1.81,9.0,-4.48,nan,nan,-50.5,-56.38,nan,nan,1.98,19.41,44.89,0.1,0.09,0.02,nan,nan,nan,nan,nan,0.3191489361702127659574468085
GAIN,2015,5.266666666666666666666666667,72482.854,nan,46.86,120.58,nan,1.77,20.32,4.95,nan,nan,nan,nan,nan,nan,2.39,25.2,43.45,0.09,0.09,0.02,nan,nan,nan,nan,nan,0.1029986962190352020860495437
GAIN,2014,6.175,69710.435,nan,48.52,-3.66,nan,1.5,-0.58,-9.53,nan,nan,nan,nan,nan,nan,3.89,32.91,33.22,0.12,0.07,nan,nan,nan,nan,nan,nan,0.09571428571428571428571428571
GAIN,2013,7.358333333333333333333333333,66766.067,100.0,50.47,56.58,0.02,1.58,7.71,-2.07,247.04,nan,-21.34,-28.28,nan,nan,24.18,25.86,36.56,0.94,0.9,nan,101.87,nan,3.58,nan,0.02,-0.1315136476426799007444168734
GAINM,2016,4.866666666666666666666666667,74497.901,nan,45.16,48.78,nan,1.81,9.0,-4.48,nan,nan,-50.5,nan,nan,nan,1.98,19.41,44.89,0.1,0.09,0.02,nan,nan,nan,nan,nan,0.01173541963015647226173541963
GAINN,2016,4.866666666666666666666666667,74497.901,nan,45.16,48.78,nan,1.81,9.0,-4.48,nan,nan,-50.5,nan,nan,nan,1.98,19.41,44.89,0.1,0.09,0.02,nan,nan,nan,nan,nan,0.003548895899053627760252365931
GAINN,2015,5.266666666666666666666666667,72482.854,nan,46.86,120.58,nan,1.77,20.32,4.95,nan,nan,nan,nan,nan,nan,2.39,25.2,43.45,0.09,0.09,0.02,nan,nan,nan,nan,nan,0.0144
GAINO,2016,4.866666666666666666666666667,74497.901,nan,45.16,48.78,nan,1.81,9.0,-4.48,nan,nan,-50.5,nan,nan,nan,1.98,19.41,44.89,0.1,0.09,0.02,nan,nan,nan,nan,nan,-0.01859744285160790391321193336
GAINO,2015,5.266666666666666666666666667,72482.854,nan,46.86,120.58,nan,1.77,20.32,4.95,nan,nan,nan,nan,nan,nan,2.39,25.2,43.45,0.09,0.09,0.02,nan,nan,nan,nan,nan,0.02136921250494657696873763356
GAINO,2014,6.175,69710.435,nan,48.52,-3.66,nan,1.5,-0.58,-9.53,nan,nan,nan,nan,nan,nan,3.89,32.91,33.22,0.12,0.07,nan,nan,nan,nan,nan,nan,-0.004569447727093673678405420310
GBDC,2016,4.866666666666666666666666667,74497.901,nan,72.5,54.12,0.08,2.0,8.19,-1.48,6.59,10.14,-2.24,-7.64,nan,nan,99.98,49.94,49.97,2.0,1.91,nan,nan,nan,nan,nan,0.08,-0.01033170201196302338227297444
GBDC,2015,5.266666666666666666666666667,72482.854,nan,69.61,59.01,0.08,2.02,9.17,-1.36,9.53,4.35,8.26,nan,nan,nan,99.51,50.59,50.59,1.97,1.86,nan,nan,105.51,nan,nan,0.08,0.1058328322309079975947083584
GBDC,2014,6.175,69710.435,nan,70.09,59.7,0.09,1.97,9.4,-1.49,30.74,27.35,40.56,6.67,nan,nan,99.3,49.23,49.23,2.01,1.91,nan,nan,39.35,nan,nan,0.09,-0.07250418293363078639152258784
GBDC,2013,7.358333333333333333333333333,66766.067,85.98,67.83,55.53,0.09,1.66,9.0,-2.51,44.79,59.26,46.47,3.05,nan,nan,99.27,39.7,39.7,2.5,2.41,nan,nan,nan,nan,nan,0.09,-0.06174777603349031920460491889
GBDC,2012,8.075,64621.020,85.32,66.81,54.89,0.09,1.96,9.18,-2.33,47.79,22.18,48.84,20.18,nan,nan,99.13,48.9,48.9,2.03,1.92,nan,nan,124.83,nan,nan,0.09,0.1958698372966207759699624531
GECC,2013,7.358333333333333333333333333,66766.067,nan,nan,42.9,0.1,1.86,6.66,nan,-14.57,nan,41.93,25.58,nan,nan,nan,nan,46.36,nan,nan,0.4,nan,nan,nan,nan,0.1,-0.3584070796460176991150442478
GSVC,2016,4.866666666666666666666666667,74497.901,nan,nan,nan,nan,1.57,-32.6,-23.74,153.11,nan,nan,nan,nan,nan,2.97,13.73,36.16,0.22,0.2,0.35,68.69,1130.13,5.31,nan,nan,0.08349900596421471172962226640
GSVC,2015,5.266666666666666666666666667,72482.854,nan,nan,nan,nan,1.49,3.06,3.72,56.44,nan,nan,nan,nan,nan,4.08,15.8,32.96,0.26,0.22,0.26,355.92,541.75,1.03,nan,nan,-0.4631803628601921024546424760
GSVC,2014,6.175,69710.435,nan,nan,nan,nan,1.7,-0.72,0.89,279.86,nan,nan,nan,nan,nan,1.52,27.03,41.13,0.06,0.03,0.24,451.11,11.45,0.81,nan,nan,0.08574739281575898030127462341
GSVC,2013,7.358333333333333333333333333,66766.067,nan,nan,nan,nan,1.31,13.09,10.79,-80.27,nan,nan,nan,nan,nan,3.1,5.73,23.81,0.54,0.34,0.24,1832.61,13.66,0.2,nan,nan,-0.2861869313482216708023159636
GSVC,2012,8.075,64621.020,nan,nan,nan,nan,1.0,-12.24,-12.38,52.82,nan,nan,nan,nan,nan,4.64,0.22,0.22,21.41,21.25,nan,254.45,12.38,1.43,nan,nan,0.4341637010676156583629893238
HEES,2016,4.866666666666666666666666667,74497.901,34.31,10.99,6.03,0.77,8.7,26.05,7.49,-5.93,-14.36,-16.1,-16.0,nan,20.71,16.84,23.34,88.5,0.72,0.51,4.41,52.08,30.17,7.01,0.98,0.77,0.7483870967741935483870967742
HEES,2015,5.266666666666666666666666667,72482.854,33.25,12.07,7.28,0.78,9.12,32.11,7.74,-4.64,-11.28,-19.65,-19.87,nan,19.77,20.09,28.41,89.04,0.7,0.42,4.42,53.32,31.58,6.85,1.04,0.78,0.3300915331807780320366132723
HEES,2014,6.175,69710.435,31.91,12.97,8.5,0.89,10.19,48.33,9.63,10.39,25.43,24.92,23.81,nan,36.84,23.8,34.4,90.18,0.69,0.39,4.73,48.3,29.77,7.56,1.22,0.89,-0.3777144891420434318262726949
HEES,2013,7.358333333333333333333333333,66766.067,30.56,11.42,6.6,0.97,11.5,61.54,10.51,17.97,28.67,53.07,53.66,nan,30.06,24.51,25.16,91.3,0.97,0.55,6.65,49.39,27.64,7.39,1.36,0.97,-0.05197435032062099223759703004
HEES,2012,8.075,64621.020,30.73,10.47,5.31,0.99,19.38,18.43,9.53,16.2,118.35,223.06,215.38,nan,36.5,25.01,31.48,94.84,0.79,0.51,10.76,52.18,31.19,6.99,1.42,0.99,0.9661579296615792966157929662
HCAP,2016,4.866666666666666666666666667,74497.901,nan,nan,45.79,0.12,1.65,6.8,nan,1.29,nan,-6.31,-7.18,nan,nan,nan,nan,39.37,nan,nan,0.32,nan,nan,nan,nan,0.12,-0.2029090909090909090909090909
HCAP,2015,5.266666666666666666666666667,72482.854,nan,nan,46.78,0.13,1.67,7.11,nan,22.89,nan,-31.76,-32.24,nan,nan,nan,nan,40.05,nan,nan,0.31,nan,nan,nan,nan,0.13,0.1722080136402387041773231032
HIFS,2016,4.866666666666666666666666667,74497.901,nan,nan,66.15,0.03,12.51,15.67,nan,14.66,nan,21.07,20.73,nan,0.16,nan,nan,92.01,nan,nan,2.96,nan,nan,nan,4.07,0.03,0.05193617237524138631974794186
HIFS,2015,5.266666666666666666666666667,72482.854,nan,nan,62.51,0.03,12.81,14.91,nan,-3.22,nan,-13.11,-13.6,859.0,1.24,nan,nan,92.2,nan,nan,2.92,nan,nan,nan,3.46,0.03,0.6425709515859766277128547579
HIFS,2014,6.175,69710.435,nan,nan,61.73,0.04,12.77,19.81,nan,33.71,nan,66.51,66.24,nan,0.23,nan,nan,92.17,nan,nan,2.72,nan,nan,nan,3.48,0.04,0.3768532352603149063326054476
HIFS,2013,7.358333333333333333333333333,66766.067,nan,nan,55.91,0.03,13.14,13.64,nan,2.42,nan,0.61,0.48,nan,5.78,nan,nan,92.39,nan,nan,2.94,nan,nan,nan,2.7,0.03,0.1085488597273538030322334055
HIFS,2012,8.075,64621.020,nan,nan,56.67,0.03,12.99,15.18,nan,5.42,nan,10.18,10.23,nan,10.63,nan,nan,92.3,nan,nan,2.54,nan,nan,nan,3.19,0.03,0.2538338658146964856230031949
HRZN,2016,4.866666666666666666666666667,74497.901,85.31,67.54,37.3,0.11,1.73,6.99,-3.88,-21.85,-27.57,nan,nan,nan,nan,4.52,42.31,42.31,0.11,0.11,nan,nan,60.59,nan,nan,0.11,0.06552706552706552706552706553
HRZN,2015,5.266666666666666666666666667,72482.854,85.67,69.4,-15.16,0.13,1.72,-3.29,-11.76,6.02,21.55,nan,nan,nan,nan,18.91,41.82,41.82,0.45,0.43,nan,nan,67.56,nan,nan,0.13,-0.1023017902813299232736572890
HRZN,2014,6.175,69710.435,84.74,62.38,38.11,0.12,1.76,7.96,-4.46,-0.46,28.68,-23.16,-33.75,nan,nan,11.09,43.25,43.25,0.26,0.22,nan,nan,98.73,nan,nan,0.12,-0.1615439599714081486776268763
HRZN,2013,7.358333333333333333333333333,66766.067,85.13,61.56,49.88,0.13,1.63,11.26,-1.8,-7.1,-19.5,339.85,332.43,nan,nan,8.92,38.61,38.61,0.23,0.19,nan,nan,101.22,nan,nan,0.13,-0.01548205489092188599577762139
KCAP,2016,4.866666666666666666666666667,74497.901,nan,76.24,-2.87,0.09,1.96,-0.5,2.04,-20.49,-23.14,nan,nan,nan,nan,3.78,0.78,48.89,4.85,1.98,0.9,25.55,nan,14.29,nan,0.09,-0.1432160804020100502512562814
KCAP,2015,5.266666666666666666666666667,72482.854,nan,78.88,-40.93,0.1,1.97,-7.76,-1.46,10.49,13.43,nan,nan,nan,nan,2.6,0.94,49.18,2.77,0.98,0.95,20.62,nan,17.7,nan,0.1,-0.02211302211302211302211302211
KCAP,2014,6.175,69710.435,nan,76.83,36.48,0.09,2.0,5.95,5.76,-14.63,-18.97,-12.71,-18.87,nan,nan,4.96,6.12,49.98,0.81,0.19,0.88,27.25,nan,13.39,nan,0.09,-0.4032258064516129032258064516
KCAP,2013,7.358333333333333333333333333,66766.067,100.0,76.54,43.95,0.12,1.83,7.52,7.27,25.09,25.77,-34.08,-44.21,nan,nan,2.76,3.53,45.47,0.78,0.53,0.77,20.18,nan,18.09,nan,0.12,-0.1548946716232961586121437423
KCAP,2012,8.075,64621.020,100.0,76.01,83.36,0.14,1.54,13.45,12.04,37.77,50.75,241.53,187.88,nan,nan,2.26,3.13,34.89,0.72,0.37,0.49,14.52,nan,25.14,nan,0.14,-0.1218715995647442872687704026
MRCC,2016,4.866666666666666666666666667,74497.901,nan,-987.9,nan,nan,1.76,11.46,-2.27,nan,nan,36.18,9.8,nan,nan,2.58,43.27,43.27,0.06,0.05,nan,nan,nan,nan,nan,nan,-0.1059817945383615084525357607
MRCC,2015,5.266666666666666666666666667,72482.854,nan,-810.56,nan,nan,1.96,11.24,-5.06,nan,nan,28.64,5.52,nan,nan,5.28,48.87,48.87,0.1,0.03,nan,nan,nan,nan,nan,nan,0.1749427043544690603514132926
MRCC,2014,6.175,69710.435,nan,-597.41,924.19,nan,1.82,10.23,-5.28,nan,nan,42.42,13.28,nan,nan,3.76,45.1,45.1,0.08,0.06,nan,nan,nan,nan,nan,nan,-0.09474412171507607192254495159
MRCC,2013,7.358333333333333333333333333,66766.067,nan,nan,nan,nan,1.63,8.81,-3.07,nan,nan,928.0,753.33,nan,nan,7.68,38.81,38.81,0.2,0.17,nan,nan,nan,nan,nan,nan,0.1852459016393442622950819672
OCSL,2015,5.266666666666666666666666667,72482.854,nan,nan,7.37,0.08,1.91,1.09,nan,-13.88,nan,-86.32,-87.34,nan,nan,nan,nan,47.67,nan,nan,0.9,nan,nan,nan,nan,0.08,-0.1583072100313479623824451411
OCSL,2014,6.175,69710.435,nan,nan,46.41,0.1,1.8,7.9,nan,28.89,nan,10.52,-12.22,nan,nan,nan,nan,44.59,nan,nan,0.78,nan,nan,nan,nan,0.1,-0.2034956304619225967540574282
OCSL,2013,7.358333333333333333333333333,66766.067,nan,nan,54.12,0.11,1.51,8.96,nan,32.61,nan,28.24,-7.22,nan,nan,nan,nan,33.95,nan,nan,0.47,nan,nan,nan,nan,0.11,-0.1340540540540540540540540541
OCSI,2016,4.866666666666666666666666667,74497.901,nan,65.29,-8.34,nan,1.91,-1.31,-6.55,-68.18,nan,nan,nan,nan,nan,7.46,47.86,47.86,0.16,0.13,nan,1585.89,nan,0.23,nan,nan,-0.03559127439724454649827784156
OCSI,2015,5.266666666666666666666666667,72482.854,nan,72.33,30.91,0.02,1.96,4.36,-2.36,69.36,nan,72.29,-45.45,nan,nan,9.89,48.86,48.86,0.2,0.17,nan,259.25,nan,1.41,nan,0.02,0.01633605600933488914819136523
OCSI,2014,6.175,69710.435,nan,57.24,74.81,0.02,1.11,3.9,0.28,nan,nan,nan,nan,nan,nan,26.88,9.65,9.65,2.78,2.73,nan,6.68,nan,54.62,nan,0.02,-0.1614481409001956947162426614
OFS,2016,4.866666666666666666666666667,74497.901,nan,nan,53.61,0.09,2.12,9.64,nan,-5.94,nan,-24.15,-24.34,nan,nan,nan,nan,52.86,nan,nan,1.09,nan,nan,nan,nan,0.09,-0.1351744186046511627906976744
OFS,2015,5.266666666666666666666666667,72482.854,nan,nan,72.05,0.09,2.08,13.0,nan,47.46,nan,83.41,83.5,nan,nan,nan,nan,52.02,nan,nan,1.05,nan,nan,nan,nan,0.09,0.1986062717770034843205574913
OHAI,2016,4.866666666666666666666666667,74497.901,83.57,57.74,-142.21,0.09,2.02,-26.61,-19.16,-18.87,-35.17,nan,nan,nan,nan,10.99,26.58,50.59,0.41,0.41,0.49,5.61,441.74,65.05,nan,0.09,-0.3352601156069364161849710983
OHAI,2015,5.266666666666666666666666667,72482.854,86.24,61.32,-141.28,0.09,2.06,-23.57,-20.22,-0.32,203.63,nan,nan,nan,nan,8.22,51.51,51.51,0.16,0.16,nan,6.89,348.04,52.94,nan,0.09,-0.5447368421052631578947368421
OHAI,2014,6.175,69710.435,51.89,24.53,-100.01,0.08,1.57,-12.97,-15.08,-20.75,-73.89,nan,nan,nan,nan,14.62,14.87,36.34,0.98,0.94,0.34,6.44,35.7,56.72,nan,0.08,-0.1897654584221748400852878465
OHAI,2013,7.358333333333333333333333333,66766.067,76.24,56.99,14.19,0.09,1.55,1.99,-5.49,19.44,7.69,-77.7,-76.91,nan,nan,12.05,17.45,35.56,0.69,0.63,0.28,7.82,82.03,46.68,nan,0.09,-0.3721552878179384203480589023
OHAI,2012,8.075,64621.020,80.4,59.17,74.44,0.08,1.55,8.64,-0.33,-16.25,-25.87,nan,nan,nan,nan,16.88,16.51,35.56,1.02,0.97,0.3,16.98,116.03,21.5,nan,0.08,0.03462603878116343490304709141
OPB,2016,4.866666666666666666666666667,74497.901,44.02,34.61,22.23,0.25,2.87,10.77,6.55,28.47,50.08,7.46,6.9,nan,10.37,18.75,14.73,65.1,1.27,0.88,1.34,120.28,141.66,3.03,0.31,0.25,-0.09151414309484193011647254576
OPB,2015,5.266666666666666666666666667,72482.854,38.76,29.63,21.65,0.23,3.0,11.48,6.28,1.18,10.71,18.73,16.57,nan,77.13,14.8,14.45,66.7,1.03,0.83,1.45,88.64,114.27,4.12,0.28,0.23,-0.1871787936164457668379767379
OPB,2014,6.175,69710.435,37.09,27.08,18.17,0.29,2.88,10.43,7.08,75.84,83.38,66.69,65.81,nan,130.2,28.55,11.09,65.3,2.58,2.11,1.37,100.75,87.38,3.62,0.43,0.29,0.3031371166725414169897779344
PFLT,2016,4.866666666666666666666666667,74497.901,89.17,69.67,72.33,0.01,1.68,8.94,-0.45,389.35,nan,167.82,62.86,nan,nan,5.15,3.66,40.47,1.41,1.36,0.62,nan,1098.11,nan,nan,0.01,-0.02763997165131112686038270730
PFLT,2015,5.266666666666666666666666667,72482.854,88.23,68.89,41.19,nan,1.12,4.26,-3.52,4.63,nan,-39.05,-44.26,nan,nan,5.96,3.28,10.39,1.82,1.72,0.08,1426.91,847.17,0.26,nan,nan,0.2542222222222222222222222222
PFLT,2014,6.175,69710.435,87.8,67.81,69.16,nan,1.74,9.66,-1.57,-10.66,nan,71.17,10.16,nan,nan,6.56,3.06,42.47,2.14,2.1,0.69,2099.85,1092.92,0.17,nan,nan,-0.1806263656227239621267297888
PFLT,2013,7.358333333333333333333333333,66766.067,88.36,67.86,63.52,nan,1.57,7.84,-1.5,408.81,nan,0.2,-28.41,nan,nan,3.34,5.54,36.11,0.6,0.57,0.47,688.34,7922.19,0.53,nan,nan,0
PNNT,2016,4.866666666666666666666666667,74497.901,82.51,66.18,13.19,0.1,1.93,2.76,-6.71,-12.1,-14.15,nan,nan,nan,nan,6.88,2.9,48.07,2.37,2.3,0.87,nan,169.93,nan,nan,0.1,-0.09791122715404699738903394256
PNNT,2015,5.266666666666666666666666667,72482.854,83.48,67.2,-6.34,0.12,1.91,-1.33,-9.83,9.26,15.32,nan,nan,nan,nan,5.09,3.33,47.65,1.53,1.25,0.85,nan,209.47,nan,nan,0.12,0.2394822006472491909385113269
PNNT,2014,6.175,69710.435,83.58,67.6,75.02,0.12,1.71,14.55,-0.58,14.51,6.46,20.93,19.42,nan,nan,5.68,2.94,41.35,1.93,1.93,0.64,nan,583.6,nan,nan,0.12,-0.3515215110178384050367261280
PNNT,2013,7.358333333333333333333333333,66766.067,83.52,65.86,71.04,0.12,1.65,13.43,-0.97,13.93,16.77,44.87,15.83,nan,nan,6.52,20.59,39.52,0.32,0.29,0.31,1.24,610.7,294.21,nan,0.12,-0.1784482758620689655172413793
PNNT,2012,8.075,64621.020,84.56,65.63,55.87,0.12,1.52,11.19,-3.29,23.6,8.99,517.27,400.0,nan,nan,2.8,2.73,34.27,1.02,0.84,0.44,22.53,453.6,16.2,nan,0.12,0.05454545454545454545454545455
PME,2016,4.866666666666666666666666667,74497.901,97.75,27.85,34.53,0.8,1.44,25.82,25.67,57.43,158.0,97.95,100.0,nan,21.2,62.82,19.2,30.5,3.27,2.89,nan,56.42,318.42,6.47,2.13,0.8,0.7528735632183908045977011494
PME,2015,5.266666666666666666666666667,72482.854,98.72,17.0,29.26,0.59,1.36,15.09,14.83,22.58,423.63,113.19,106.67,nan,31.86,58.24,16.0,26.26,3.64,3.5,nan,73.45,475.48,4.97,1.64,0.59,0.2428571428571428571428571429
PME,2014,6.175,69710.435,98.03,3.98,17.21,0.48,1.41,7.24,6.71,27.76,nan,-70.59,-70.7,nan,37.0,65.53,21.69,29.14,3.02,2.93,nan,76.16,244.2,4.79,1.71,0.48,-0.4964028776978417266187050360
PME,2013,7.358333333333333333333333333,66766.067,95.76,-61.34,-43.95,0.42,1.4,27.76,26.92,-0.84,nan,186.49,184.44,-81.74,30.27,70.99,22.2,28.75,3.2,3.16,nan,71.01,251.95,5.14,1.22,0.42,-0.1230283911671924290220820189
PME,2012,8.075,64621.020,95.15,0.68,9.06,0.49,1.45,11.48,11.17,-19.47,-87.15,256.06,260.0,15.27,30.96,42.88,16.75,30.86,2.56,1.78,nan,89.9,278.1,4.06,0.97,0.49,-0.6839481555333998005982053838
PSL,2016,4.866666666666666666666666667,74497.901,33.16,-26.0,-26.94,1.11,2.05,-50.83,-34.84,-22.92,nan,nan,nan,nan,17.05,48.95,50.96,51.29,0.96,0.52,nan,83.58,78.44,4.36,17.5,1.11,0.2137262215591197314434912346
PSL,2015,5.266666666666666666666666667,72482.854,36.01,-14.61,-43.83,1.07,2.12,-74.26,-59.35,-3.99,nan,nan,nan,nan,11.72,60.24,52.48,52.78,1.15,0.62,nan,78.68,85.96,4.64,24.96,1.07,-0.05581968656453600986089100194
PSL,2014,6.175,69710.435,37.01,-21.36,-21.87,0.94,1.56,-28.6,-23.72,-23.72,nan,nan,nan,nan,10.8,51.72,35.53,35.72,1.46,0.95,nan,82.8,102.01,4.41,18.38,0.94,0.1148409893992932862190812721
PSL,2013,7.358333333333333333333333333,66766.067,38.33,-7.35,-7.73,1.21,1.73,-14.37,-11.47,8.3,nan,nan,nan,nan,8.31,51.35,42.01,42.21,1.22,0.76,nan,63.58,91.83,5.74,18.53,1.21,0.1548401722965313987757878032
PSL,2012,8.075,64621.020,39.51,-9.42,-9.61,1.22,1.7,-17.57,-15.15,43.56,nan,nan,nan,nan,8.9,59.1,40.93,41.12,1.44,1.04,nan,56.76,96.02,6.43,16.39,1.22,0.3278145695364238410596026490
PHO,2016,4.866666666666666666666666667,74497.901,19.07,9.17,5.84,0.46,1.57,3.4,3.4,3.39,7.23,8.69,8.78,-5.55,4.06,4.37,8.64,36.47,0.51,0.22,0.4,7.51,14.08,48.63,0.47,0.46,0.2309882065880439202928019520
PHO,2015,5.266666666666666666666666667,72482.854,19.43,8.84,5.83,0.44,1.61,3.22,3.36,6.09,56.46,88.58,88.49,1.87,3.67,3.39,8.26,37.96,0.41,0.14,0.44,7.08,14.04,51.57,0.45,0.44,0.1347485002307337332718043378
PHO,2014,6.175,69710.435,16.37,5.99,2.2,0.41,1.69,1.75,3.26,1.82,65.72,9280.37,nan,7.8,3.35,3.74,9.71,40.87,0.38,0.15,0.48,9.05,15.57,40.33,0.42,0.41,-0.1584466019417475728155339806
PHO,2013,7.358333333333333333333333333,66766.067,15.82,3.68,-0.64,0.39,1.74,0.02,1.96,4.0,53.43,132.21,200.0,32.63,2.88,3.51,15.25,42.73,0.23,0.09,0.42,10.2,16.68,35.78,0.41,0.39,-0.01792524790236460717009916095
PHO,2012,8.075,64621.020,15.42,2.5,-1.56,0.37,1.78,0.01,1.89,-4.04,-66.61,-99.64,-99.72,23.24,3.88,3.56,14.29,43.95,0.25,0.09,0.44,11.18,15.59,32.66,0.38,0.37,0.2636144578313253012048192771
PFBC,2016,4.866666666666666666666666667,74497.901,nan,nan,58.56,0.04,10.81,12.74,nan,24.96,nan,22.28,19.63,nan,0.58,nan,nan,90.75,nan,nan,0.42,nan,nan,nan,20.09,0.04,0.1213277375047691720717283480
PFBC,2015,5.266666666666666666666666667,72482.854,nan,nan,62.87,0.04,9.84,11.7,nan,17.6,nan,20.95,20.22,nan,2.38,nan,nan,89.84,nan,nan,0.1,nan,nan,nan,18.02,0.04,0.5875227135069654754694124773
PFBC,2014,6.175,69710.435,nan,nan,60.93,0.03,8.74,10.99,nan,16.58,nan,28.09,25.35,nan,0.59,nan,nan,88.56,nan,nan,0.09,nan,nan,nan,17.89,0.03,0.1839368949444245249193259233
PFBC,2013,7.358333333333333333333333333,66766.067,nan,nan,58.43,0.04,8.55,9.63,nan,11.76,nan,-19.58,-20.22,nan,0.79,nan,nan,88.3,nan,nan,0.1,nan,nan,nan,14.9,0.04,0.3910224438902743142144638404
PFBC,2012,8.075,64621.020,nan,nan,30.17,0.04,8.28,13.62,nan,23.75,nan,95.13,91.4,469.0,0.43,nan,nan,87.92,nan,nan,nan,nan,nan,nan,12.49,0.04,0.4119718309859154929577464789
PSEC,2016,4.866666666666666666666666667,74497.901,nan,68.04,13.05,nan,1.83,2.9,-7.39,nan,nan,-70.16,-70.41,nan,nan,5.27,2.12,45.26,2.48,2.48,0.79,nan,nan,nan,nan,nan,-0.1928143712574850299401197605
PSEC,2015,5.266666666666666666666666667,72482.854,nan,67.43,43.78,0.01,1.84,9.46,-3.55,-51.97,nan,8.56,-7.55,nan,nan,1.97,7.06,45.53,0.28,0.28,0.71,28.99,nan,12.59,nan,0.01,0.1962750716332378223495702006
PSEC,2014,6.175,69710.435,nan,68.42,44.79,0.01,1.79,10.17,-3.07,23.27,nan,44.45,-0.93,nan,nan,2.5,2.69,44.14,0.93,0.91,0.74,17.77,nan,20.54,nan,0.01,-0.1549636803874092009685230024
PSEC,2013,7.358333333333333333333333333,66766.067,100.0,67.25,38.32,0.02,1.67,10.6,-4.24,59.42,nan,15.69,-35.93,nan,nan,5.19,5.13,40.28,1.01,1.01,0.59,16.25,nan,22.46,nan,0.02,-0.2638146167557932263814616756
SLRC,2016,4.866666666666666666666666667,74497.901,nan,nan,65.54,0.1,1.79,11.86,nan,228.02,nan,658.63,666.67,nan,nan,nan,nan,44.35,nan,nan,0.3,nan,nan,nan,nan,0.1,-0.02929875120076849183477425552
SLRC,2015,5.266666666666666666666666667,72482.854,nan,nan,28.34,0.03,1.84,1.55,nan,-44.32,nan,-70.94,-70.8,nan,nan,nan,nan,45.52,nan,nan,0.25,nan,nan,nan,nan,0.03,0.2671941570298234936092513694
SLRC,2014,6.175,69710.435,nan,nan,54.3,0.05,1.8,5.02,nan,-33.37,nan,-35.66,-33.12,nan,nan,nan,nan,44.46,nan,nan,0.24,nan,nan,nan,nan,0.05,-0.08772903942254303164908384231
SLRC,2013,7.358333333333333333333333333,66766.067,nan,nan,56.54,0.09,1.72,8.04,nan,-5.34,nan,-34.94,-45.66,nan,nan,nan,nan,41.72,nan,nan,0.23,nan,nan,nan,nan,0.09,-0.2013303769401330376940133038
SLRC,2012,8.075,64621.020,nan,nan,68.9,0.11,1.63,13.75,nan,9.09,nan,88.8,85.07,nan,nan,nan,nan,38.6,nan,nan,0.26,nan,nan,nan,nan,0.11,-0.05687996654119615223755750732
SUNS,2016,4.866666666666666666666666667,74497.901,87.55,72.05,89.17,nan,1.94,10.6,2.26,-16.67,nan,2216.33,nan,nan,nan,29.97,48.44,48.44,0.62,0.62,nan,1941.22,11230.3,0.19,nan,nan,0.08029197080291970802919708029
SUNS,2015,5.266666666666666666666666667,72482.854,86.41,74.02,4.11,nan,1.93,0.53,-4.51,nan,nan,-91.04,-91.09,nan,nan,15.46,48.07,48.07,0.32,0.32,nan,810.84,4882.01,0.45,nan,nan,0.1033557046979865771812080537
SUNS,2014,6.175,69710.435,86.99,75.67,52.89,nan,1.89,5.68,-1.3,nan,nan,-7.35,-8.18,nan,nan,11.52,47.11,47.11,0.24,0.24,nan,nan,2387.29,nan,nan,nan,-0.004676018704074816299265197061
SUNS,2013,7.358333333333333333333333333,66766.067,86.97,74.19,63.84,nan,1.31,6.6,-2.43,nan,nan,-9.3,-24.66,nan,nan,1.73,23.68,23.68,0.07,0.07,nan,nan,208.51,nan,nan,nan,-0.1783754116355653128430296378
SPHS,2013,7.358333333333333333333333333,66766.067,100.0,-195.8,-212.98,0.16,1.29,-63.44,-41.33,nan,nan,nan,nan,nan,0.06,99.81,20.29,22.38,4.92,4.58,nan,4.36,nan,83.75,41.53,0.16,-0.8540540540540540540540540541
BANX,2016,4.866666666666666666666666667,74497.901,nan,nan,50.56,0.07,1.49,5.02,nan,-5.64,nan,-15.36,-15.58,nan,nan,nan,nan,32.72,nan,nan,0.44,nan,nan,nan,nan,0.07,0.07704654895666131621187800963
BANX,2015,5.266666666666666666666666667,72482.854,nan,nan,56.36,0.08,1.37,5.86,nan,62.55,nan,82.79,61.11,nan,nan,nan,nan,26.89,nan,nan,0.18,nan,nan,nan,nan,0.08,0.1466257668711656441717791411
SSBI,2016,4.866666666666666666666666667,74497.901,nan,nan,40.83,0.04,8.76,8.57,nan,2.03,nan,-17.63,-33.33,nan,1.1,nan,nan,88.59,nan,nan,1.18,nan,nan,nan,3.79,0.04,0.05
SSBI,2015,5.266666666666666666666666667,72482.854,nan,nan,50.58,0.04,8.96,10.68,nan,7.24,nan,9.94,10.81,708.0,0.42,nan,nan,88.83,nan,nan,0.97,nan,nan,nan,3.59,0.04,0.08991825613079019073569482289
SSBI,2014,6.175,69710.435,nan,nan,49.33,0.04,8.53,10.5,nan,3.72,nan,26.94,30.59,nan,3.82,nan,nan,85.3,nan,nan,0.65,nan,nan,nan,3.34,0.04,-0.008108108108108108108108108108
SSBI,2013,7.358333333333333333333333333,66766.067,nan,nan,40.31,0.04,9.47,8.37,nan,-7.66,nan,25.32,37.1,nan,5.28,nan,nan,86.43,nan,nan,1.01,nan,nan,nan,3.42,0.04,0.3214285714285714285714285714
SSBI,2012,8.075,64621.020,nan,nan,32.13,0.05,9.04,6.06,nan,11.72,nan,54.76,87.88,nan,0.7,nan,nan,85.87,nan,nan,0.81,nan,nan,nan,3.32,0.05,0.5555555555555555555555555556
TCPC,2016,4.866666666666666666666666667,74497.901,nan,nan,78.01,0.09,1.75,10.09,nan,-6.38,nan,22.11,23.97,nan,nan,nan,nan,43.0,nan,nan,0.72,nan,nan,nan,nan,0.09,-0.09585798816568047337278106509
TCPC,2015,5.266666666666666666666666667,72482.854,nan,nan,61.71,0.11,1.72,8.13,nan,31.93,nan,56.23,37.5,nan,nan,nan,nan,41.93,nan,nan,0.7,nan,nan,nan,nan,0.11,0.2132089016511127063890882986
TCPC,2014,6.175,69710.435,nan,nan,52.5,0.1,1.65,5.39,nan,45.54,nan,-21.16,-53.93,nan,nan,nan,nan,39.37,nan,nan,0.45,nan,nan,nan,nan,0.1,-0.1698450536352800953516090584
TCPC,2013,7.358333333333333333333333333,66766.067,nan,nan,94.1,0.1,1.46,11.43,nan,31.56,nan,130.25,57.85,nan,nan,nan,nan,31.54,nan,nan,0.17,nan,nan,nan,nan,0.1,0
TCRD,2016,4.866666666666666666666666667,74497.901,nan,nan,24.57,0.1,1.78,4.24,nan,-13.71,nan,-39.22,-39.29,nan,nan,nan,nan,43.66,nan,nan,0.74,nan,nan,nan,nan,0.1,-0.09590409590409590409590409590
TCRD,2015,5.266666666666666666666666667,72482.854,nan,nan,34.57,0.1,1.85,6.54,nan,-11.2,nan,-23.3,-22.22,nan,nan,nan,nan,46.04,nan,nan,0.82,nan,nan,nan,nan,0.1,-0.06448598130841121495327102804
TCRD,2014,6.175,69710.435,nan,nan,44.79,0.12,1.83,8.21,nan,23.15,nan,-13.79,-23.4,nan,nan,nan,nan,45.4,nan,nan,0.78,nan,nan,nan,nan,0.12,-0.09013605442176870748299319728
TCRD,2013,7.358333333333333333333333333,66766.067,nan,nan,61.83,0.14,1.49,10.66,nan,40.52,nan,54.54,11.9,nan,nan,nan,nan,32.69,nan,nan,0.45,nan,nan,nan,nan,0.14,-0.2868405093996361431170406307
TOWN,2016,4.866666666666666666666666667,74497.901,70.83,52.1,45.39,0.07,2.04,6.4,5.38,15.63,0.71,-50.34,-50.33,nan,18.23,2.44,3.2,50.96,0.76,0.76,0.97,45.61,61.67,8.0,2.15,0.07,-0.07518796992481203007518796992
TOWN,2015,5.266666666666666666666666667,72482.854,76.9,59.82,105.67,0.06,2.03,13.84,9.15,0.36,-10.18,-12.51,-12.6,nan,2.34,3.72,13.62,50.69,0.27,0.2,0.75,57.53,99.8,6.34,19.53,0.06,0.5931959750838524197412553905
TOWN,2014,6.175,69710.435,83.74,66.54,121.21,0.07,2.06,17.94,11.21,0.92,1.02,671.05,670.15,nan,2.16,4.12,4.66,51.56,0.88,0.41,0.97,49.13,91.03,7.43,22.45,0.07,0.3802910052910052910052910053
TOWN,2013,7.358333333333333333333333333,66766.067,82.7,67.33,15.89,0.07,2.21,2.49,3.64,1.89,3.33,nan,nan,nan,1.73,1.9,5.32,54.7,0.36,0.36,1.09,40.95,87.51,8.91,2.97,0.07,-0.01754385964912280701754385965
TOWN,2012,8.075,64621.020,81.26,65.72,-18.76,0.07,2.1,-2.81,0.9,-2.07,-2.65,nan,nan,nan,0.96,2.22,4.03,52.33,0.55,0.55,1.01,38.25,82.95,9.54,0.14,0.07,-0.006455777921239509360877985797
PPH,2016,4.866666666666666666666666667,74497.901,nan,25.25,14.03,0.23,4.4,12.35,6.45,22.06,10.35,17.64,15.95,nan,32.04,14.84,13.44,76.72,1.13,0.91,2.21,14.42,nan,25.31,0.29,0.23,0.1294991430203770710340887450
PPH,2015,5.266666666666666666666666667,72482.854,nan,27.93,12.83,0.24,3.57,11.43,6.84,5.65,13.37,-7.74,-8.38,nan,29.46,7.49,6.26,72.02,1.2,1.01,1.72,14.65,nan,24.91,0.28,0.24,-0.1959883631909355382024192314
PPH,2014,6.175,69710.435,nan,26.03,15.4,0.23,3.65,13.04,7.71,2.98,6.66,47.6,48.09,nan,nan,8.43,5.0,72.62,1.69,1.49,1.75,19.17,nan,19.04,0.29,0.23,0.01618173331258752139411856232
PPH,2013,7.358333333333333333333333333,66766.067,100.0,24.04,11.16,0.22,3.87,9.61,7.59,3.56,9.53,-60.6,-60.69,nan,26.1,6.23,6.26,74.16,1.0,0.85,1.72,24.22,nan,15.07,0.32,0.22,0.2101299190359630954622481642
PPH,2012,8.075,64621.020,100.0,23.76,27.92,0.23,4.27,29.23,13.94,17.27,17.57,336.92,334.53,179.66,9.75,8.61,8.8,76.58,0.98,0.69,1.96,25.92,nan,14.08,0.35,0.23,0.3367732192298011578152529575
WSC,2016,4.866666666666666666666666667,74497.901,39.43,4.71,-20.54,nan,100.32,11.25,-13.77,nan,nan,nan,nan,nan,nan,0.05,0.02,99.0,3.46,2.49,nan,nan,nan,nan,nan,nan,0.2763819095477386934673366834
WSC,2015,5.266666666666666666666666667,72482.854,35.94,0.2,-22.73,0.9,100.22,nan,-330.74,nan,nan,nan,nan,nan,40.68,0.2,0.03,99.0,7.55,7.55,nan,nan,nan,nan,nan,0.9,0.04079497907949790794979079498
MITT,2016,4.866666666666666666666666667,74497.901,nan,nan,nan,nan,5.31,10.04,-7.42,nan,nan,360.85,nan,nan,nan,4.72,1.08,75.05,4.37,3.11,0.04,nan,nan,nan,nan,nan,0.1110461718293395675043834015
MITT,2015,5.266666666666666666666666667,72482.854,nan,nan,nan,nan,6.26,0.06,-19.13,nan,nan,-87.37,-99.7,-650.0,nan,3.67,1.11,78.92,3.3,2.34,0.06,nan,nan,nan,nan,nan,0.3325545171339563862928348910
MITT,2012,8.075,64621.020,nan,nan,nan,nan,7.67,31.15,11.77,nan,nan,611.29,124.38,nan,nan,5.59,83.63,83.63,0.07,0.06,nan,nan,nan,nan,nan,nan,-0.3339011925042589437819420784
AFC,2016,4.866666666666666666666666667,74497.901,-94.67,-654.26,-669.58,0.14,1.27,-107.56,-107.13,-57.23,nan,nan,nan,nan,15.68,93.01,20.89,20.98,4.45,3.73,nan,879.5,137.94,0.41,9.41,0.14,0.009908838684106222750693618708
AFC,2015,5.266666666666666666666666667,72482.854,-114.23,-382.15,-236.55,0.25,1.3,-63.02,-63.09,189.24,nan,nan,nan,nan,6.0,93.76,22.96,22.96,4.08,2.69,nan,500.92,60.64,0.73,6.23,0.25,-0.008254716981132075471698113208
AFC,2014,6.175,69710.435,-31.6,-673.79,-748.92,0.08,1.12,-58.81,-59.29,3.0,nan,nan,nan,nan,20.64,86.71,10.58,10.58,8.19,7.36,nan,1040.67,197.33,0.35,1.07,0.08,0.01597444089456869009584664537
AFC,2013,7.358333333333333333333333333,66766.067,28.51,-607.94,-592.88,0.07,1.11,-38.91,-39.9,112.51,nan,nan,nan,nan,78.27,89.02,10.21,10.21,8.72,7.83,nan,314.14,253.65,1.16,0.9,0.07,0.09728308501314636283961437336
AFC,2012,8.075,64621.020,92.31,nan,nan,0.03,1.04,-38.75,-39.5,921.05,nan,nan,nan,nan,143.42,91.93,3.43,3.43,26.82,25.71,nan,536.94,3367.3,0.68,0.43,0.03,-0.08279742765273311897106109325
BOE,2016,4.866666666666666666666666667,74497.901,14.63,5.92,5.89,1.03,110.16,136.8,38.52,-1.61,-22.63,-5.43,2.28,14.07,2.76,69.43,55.74,99.09,1.25,0.38,11.71,30.5,49.71,11.97,7.6,1.03,0.08124459809853068280034572169
BOE,2015,5.266666666666666666666666667,72482.854,14.66,7.53,7.44,0.99,14.9,68.96,31.83,5.9,-0.43,-4.96,0.81,4.39,2.55,72.28,53.43,93.29,1.35,0.42,1.38,28.58,47.76,12.77,8.33,0.99,-0.09326018808777429467084639498
BOE,2014,6.175,69710.435,15.51,8.0,7.86,0.95,11.45,46.22,27.21,4.78,13.46,18.78,23.83,11.46,2.46,68.33,57.25,91.25,1.2,0.37,0.94,25.73,47.99,14.18,8.55,0.95,-0.02817974105102817974105102818
BOE,2013,7.358333333333333333333333333,66766.067,15.5,7.39,7.19,0.95,6.23,44.14,24.11,6.03,4.5,17.56,16.63,2.47,2.58,70.23,55.64,83.93,1.26,0.43,0.54,22.41,47.11,16.29,8.71,0.95,-0.1223262032085561497326203209
BME,2016,4.866666666666666666666666667,74497.901,34.54,8.57,7.59,1.37,1.95,16.43,11.39,23.59,31.34,222.3,264.71,nan,2.79,30.74,13.29,48.33,2.33,0.5,0.63,3.06,31.0,119.46,16.97,1.37,0.1496062992125984251968503937
BME,2015,5.266666666666666666666666667,72482.854,34.61,8.07,3.75,1.26,1.98,11.14,5.77,nan,nan,nan,nan,nan,2.18,26.22,11.36,49.06,2.33,0.7,0.62,4.13,24.77,88.3,19.74,1.26,-0.1931385006353240152477763659
MYN,2016,4.866666666666666666666666667,74497.901,-14.27,-509.63,-735.79,0.16,2.17,-462.65,-248.65,-41.27,nan,nan,nan,nan,137.1,6.34,36.53,51.82,0.18,0.17,nan,149.3,566.87,2.44,0.18,0.16,0.01412872841444270015698587127
MYN,2015,5.266666666666666666666666667,72482.854,-9.43,-652.03,-682.82,0.24,nan,-262.36,-202.02,44.79,nan,nan,nan,nan,136.87,13.27,106.73,118.25,0.12,0.11,nan,88.57,155.36,4.12,0.3,0.24,-0.05769230769230769230769230769
MYN,2014,6.175,69710.435,19.82,-206.07,-379.68,0.19,1.08,-85.91,-78.64,775.22,nan,nan,nan,nan,344.39,13.19,4.86,7.11,2.71,2.62,nan,80.27,52.47,4.55,0.26,0.19,0.03920061491160645657186779400
MYN,2013,7.358333333333333333333333333,66766.067,53.1,-160.18,-160.18,0.08,2.16,-26.08,-12.75,nan,nan,nan,nan,nan,nan,8.13,22.0,53.73,0.37,0.37,0.69,358.54,550.94,1.02,0.12,0.08,0.07698675496688741721854304636
BSE,2016,4.866666666666666666666666667,74497.901,20.95,7.91,-12.35,0.31,2.47,-9.54,0.49,16.18,0.23,nan,nan,nan,2.89,26.79,16.81,59.48,1.59,0.61,0.91,42.99,37.58,8.49,0.42,0.31,0.01386748844375963020030816641
BSE,2015,5.266666666666666666666666667,72482.854,21.15,9.17,-10.97,0.28,2.54,-7.56,0.56,399.75,nan,nan,nan,nan,6.34,23.64,17.08,60.57,1.38,0.65,0.96,68.78,37.07,5.31,0.36,0.28,-0.05393586005830903790087463557
BSE,2014,6.175,69710.435,11.82,-32.84,-48.0,0.07,2.32,-6.68,-2.42,nan,nan,nan,nan,nan,401.89,16.4,13.24,56.9,1.24,0.87,0.88,214.37,111.2,1.7,0.15,0.07,0.03469079939668174962292609351
BST,2016,4.866666666666666666666666667,74497.901,50.07,-369.48,-583.88,0.33,1.41,-321.78,-230.75,nan,nan,nan,nan,nan,50.07,85.67,29.19,29.19,2.93,2.69,nan,36.16,169.46,10.09,30.89,0.33,0.4877369007803790412486064660
BSD,2016,4.866666666666666666666666667,74497.901,25.48,-0.16,-2.36,0.62,2.27,-5.04,-5.57,-7.24,nan,nan,nan,-18.37,0.67,83.68,11.7,14.4,13.88,12.06,nan,90.8,23.32,4.02,5.83,0.62,0.01408450704225352112676056338
BSD,2015,5.266666666666666666666666667,72482.854,24.18,-2.17,-21.98,0.49,2.28,-21.38,-21.92,40.11,nan,nan,nan,9708.66,0.95,81.81,13.54,16.81,11.44,10.13,nan,96.22,22.99,3.79,6.01,0.49,-0.02599277978339350180505415162
BSD,2014,6.175,69710.435,24.26,-10.23,-65.41,0.33,1.72,-4.46,-5.67,3375.92,nan,nan,nan,nan,3.11,77.52,13.36,16.66,8.34,7.63,nan,69.65,19.84,5.24,8.37,0.33,-0.01633522727272727272727272727
BSD,2013,7.358333333333333333333333333,66766.067,76.14,-390.97,-159.19,0.01,1.15,-1.88,-2.74,-18.37,nan,nan,nan,nan,1.65,99.96,13.37,13.39,7.46,7.45,nan,21.11,400.97,17.28,27.1,0.01,0.1607584501236603462489694971
INF,2016,4.866666666666666666666666667,74497.901,69.14,22.29,13.25,0.33,2.29,9.94,7.09,11.01,17.75,0.12,-2.9,10.46,7.96,9.8,20.91,56.35,0.47,0.3,0.62,54.18,33.84,6.74,65.01,0.33,0.06507413509060955518945634267
INF,2015,5.266666666666666666666666667,72482.854,68.85,22.12,18.12,0.41,2.42,13.73,8.83,6.61,8116.13,nan,nan,-2.58,10.43,10.67,21.26,58.6,0.5,0.33,0.73,46.61,27.89,7.83,69.67,0.41,0.03319148936170212765957446809
INF,2014,6.175,69710.435,67.7,18.26,-2.74,0.41,2.34,-4.33,-1.58,0.41,-97.97,nan,nan,31.32,2.53,10.62,22.83,57.33,0.47,0.32,0.68,46.97,30.91,7.77,66.88,0.41,-0.4245837414299706170421155730
INF,2013,7.358333333333333333333333333,66766.067,67.87,13.47,10.21,0.4,2.28,-0.51,0.88,-8.12,-30.09,nan,nan,-19.94,5.96,10.33,20.42,56.12,0.51,0.34,0.68,49.88,36.75,7.32,63.26,0.4,0.05638903259182617692705638903
IGR,2016,4.866666666666666666666666667,74497.901,18.32,5.1,4.16,1.7,2.1,11.38,9.3,3.46,26.04,29.55,29.03,862.0,2.01,53.18,34.73,51.13,1.57,0.58,0.3,28.43,48.95,12.84,7.89,1.7,0.08493150684931506849315068493
IGR,2015,5.266666666666666666666666667,72482.854,17.2,4.18,3.19,1.63,2.3,9.9,7.85,2.03,8.85,86.21,82.35,nan,1.12,52.05,34.1,55.5,1.56,0.51,0.44,27.38,49.0,13.33,7.4,1.63,-0.04450261780104712041884816754
IGR,2014,6.175,69710.435,17.47,3.79,2.31,1.57,2.69,5.71,4.99,-0.33,-0.99,-11.5,-12.07,nan,2.36,52.99,37.04,61.85,1.47,0.5,0.6,28.36,53.23,12.87,7.24,1.57,-0.1501668520578420467185761958
IGR,2013,7.358333333333333333333333333,66766.067,17.9,3.95,2.52,1.62,2.75,6.82,5.66,2.02,-17.72,1821.47,nan,nan,0.94,53.03,38.17,62.41,1.44,0.44,0.6,29.06,50.73,12.56,7.32,1.62,0.1351010101010101010101010101
CBS,2016,4.866666666666666666666666667,74497.901,100.0,nan,nan,nan,1.26,-255.24,-255.66,nan,nan,nan,nan,nan,nan,99.14,19.75,19.75,5.1,4.98,nan,35292.69,nan,0.01,0.06,nan,-0.07261867337315309651053127947
CBS,2013,7.358333333333333333333333333,66766.067,46.85,nan,nan,0.01,6.45,-252.01,-255.17,nan,nan,nan,nan,nan,nan,79.93,81.86,81.86,1.14,1.05,nan,117.19,13600.06,3.11,nan,0.01,-0.1317853780985252588641355507
CTR,2016,4.866666666666666666666666667,74497.901,nan,7.25,6.34,0.11,23.41,15.27,9.97,18.0,7.01,20.83,12.04,81.8,4.63,92.34,88.82,95.72,1.04,0.15,0.64,70.29,nan,5.19,27.64,0.11,-0.09076682316118935837245696401
CTR,2015,5.266666666666666666666666667,72482.854,nan,7.99,8.94,0.12,19.42,16.98,11.13,16.85,4.37,6.25,-17.04,530.52,4.8,94.11,90.12,94.78,1.06,0.12,0.22,71.04,nan,5.13,37.9,0.12,0.03818034118602761982128350934
CTR,2014,6.175,69710.435,nan,9.11,7.95,0.17,29.86,22.96,11.69,8.08,30.51,41.4,36.85,-45.27,3.52,92.99,87.16,96.57,1.09,0.13,1.15,72.86,nan,5.01,30.31,0.17,-0.4244974287050023375409069659
CTR,2013,7.358333333333333333333333333,66766.067,nan,7.41,6.08,0.23,12.49,15.83,8.66,4.97,-4.15,-11.17,-12.74,-41.64,2.5,86.95,76.05,91.62,1.2,0.28,0.91,70.98,nan,5.14,24.1,0.23,-0.02993197278911564625850340136
CTR,2012,8.075,64621.020,100.0,7.7,6.13,0.21,14.85,19.59,8.45,5.61,0.16,27.6,27.32,451.93,2.7,87.47,80.34,92.97,1.14,0.24,0.59,72.04,nan,5.07,19.61,0.21,0.1580882352941176470588235294
ETO,2016,4.866666666666666666666666667,74497.901,29.04,8.92,5.97,0.57,2.65,7.42,5.76,2.15,19.33,-12.68,-23.45,15.9,15.42,45.78,35.51,61.34,1.32,1.07,0.5,66.32,65.39,5.5,15.5,0.57,0.2205670350792888034598750601
ETO,2015,5.266666666666666666666666667,72482.854,26.44,7.64,5.6,0.75,3.22,12.44,8.37,-4.12,107.61,112.18,104.29,-44.31,15.22,54.09,41.65,68.9,1.29,1.02,0.81,59.69,53.8,6.12,16.19,0.75,-0.02392120075046904315196998124
ETO,2014,6.175,69710.435,21.96,3.57,2.61,0.86,2.98,6.17,5.79,30.28,110.95,nan,nan,48.68,0.51,59.83,48.58,66.4,1.23,1.01,0.49,60.66,53.77,6.02,151.78,0.86,-0.1229946524064171122994652406
ETO,2013,7.358333333333333333333333333,66766.067,22.02,2.18,0.87,0.83,2.97,-0.41,0.6,25.14,-58.98,nan,nan,46.82,1.13,56.44,49.06,66.39,1.15,0.94,0.4,63.15,66.77,5.78,142.98,0.83,-0.007755102040816326530612244898
FIF,2016,4.866666666666666666666666667,74497.901,32.09,4.0,3.69,1.64,1.99,7.76,7.09,24.79,34.27,26.09,7.14,3.72,3.8,33.34,40.68,49.29,0.83,0.64,0.09,50.09,63.47,7.29,6.62,1.64,-0.006648199445983379501385041551
FIF,2015,5.266666666666666666666666667,72482.854,30.8,3.72,3.31,1.71,1.88,7.54,7.3,45.79,34.32,40.43,-11.11,nan,2.87,31.4,38.12,46.49,0.83,0.63,0.12,46.49,59.41,7.85,7.58,1.71,0.2371487320082248115147361206
FIF,2014,6.175,69710.435,27.42,4.04,3.74,1.63,1.74,7.25,7.81,-0.5,-3.15,-43.5,-47.06,nan,3.51,30.21,34.54,41.85,0.88,0.65,0.06,45.99,58.33,7.94,8.84,1.63,-0.3864592094196804037005887300
FIF,2013,7.358333333333333333333333333,66766.067,26.3,4.15,3.44,1.5,1.82,14.64,11.11,-14.84,-16.68,60.54,54.55,59.19,2.38,28.99,37.14,44.5,0.79,0.63,0.07,50.73,61.75,7.2,8.07,1.5,0.1416226596255400864138262122
PFD,2016,4.866666666666666666666666667,74497.901,33.44,7.79,2.45,0.4,2.6,9.8,7.52,nan,nan,nan,nan,nan,2.95,8.64,11.31,61.6,0.76,0.38,0.67,37.57,142.32,9.72,4.33,0.4,0.03381642512077294685990338164
PFD,2015,5.266666666666666666666666667,72482.854,35.03,7.78,1.52,0.38,2.61,0.67,3.15,2.42,12.84,-81.16,-80.0,-75.42,2.64,6.75,10.96,61.66,0.62,0.22,0.64,30.04,96.07,12.15,4.21,0.38,0.1215170278637770897832817337
PFD,2014,6.175,69710.435,38.29,7.06,-1.68,0.37,2.44,3.43,4.37,-4.51,1.59,nan,nan,15.79,3.87,8.32,10.26,59.17,0.81,0.43,0.64,39.26,105.62,9.3,4.11,0.37,-0.08238636363636363636363636364
PFD,2013,7.358333333333333333333333333,66766.067,34.03,6.24,0.52,0.39,115.72,-116.37,-18.0,-51.25,-45.38,nan,nan,nan,4.79,24.35,25.85,99.14,0.94,0.74,45.99,104.02,192.05,3.5,3.0,0.39,0.1484502446982055464926590538
FLY,2016,4.866666666666666666666666667,74497.901,99.34,55.43,-10.61,0.1,5.81,-4.66,2.21,-25.3,-26.32,nan,nan,nan,161.71,17.77,0.93,82.79,19.17,16.22,4.25,0.28,2509.19,1262.77,0.13,0.1,-0.02932330827067669172932330827
FLY,2015,5.266666666666666666666666667,72482.854,98.34,56.2,6.14,0.12,5.22,3.07,4.02,8.36,29.03,-59.35,-60.61,nan,125.44,13.16,8.25,80.84,1.6,0.98,3.65,1.99,860.8,183.18,0.15,0.12,-0.02564102564102564102564102564
FLY,2014,6.175,69710.435,98.32,48.95,16.35,0.11,5.57,7.25,5.04,15.82,20.12,6.86,-12.0,nan,219.62,11.4,8.51,82.04,1.34,0.95,3.99,3.36,918.35,108.48,0.13,0.11,0.03802281368821292775665399240
FLY,2013,7.358333333333333333333333333,66766.067,95.67,45.86,15.98,0.11,4.9,8.19,5.22,-13.28,-28.85,10.08,-16.67,nan,177.19,15.85,8.83,79.61,1.79,1.26,3.4,3.02,380.9,120.97,0.13,0.11,-0.1817050404480398257622899813
FLY,2012,8.075,64621.020,97.4,55.47,12.22,0.14,5.58,9.78,6.13,74.26,104.05,4249.36,nan,122.84,12.05,10.23,1.11,82.08,9.24,5.06,4.28,2.73,434.14,133.65,0.16,0.14,0.3043831168831168831168831169
FTAI,2016,4.866666666666666666666666667,74497.901,55.51,-4.52,-27.12,0.09,1.47,-1.81,-0.09,8.9,nan,nan,nan,nan,176.53,10.01,20.74,26.59,0.52,0.3,nan,43.96,nan,8.3,0.14,0.09,0.4984962406015037593984962406
FTAI,2015,5.266666666666666666666666667,72482.854,49.63,-0.09,-20.54,0.09,1.41,-1.33,0.49,135.75,nan,nan,nan,nan,192.99,25.33,20.07,23.53,1.37,1.29,nan,32.14,nan,11.36,0.16,0.09,0.1811722912966252220248667851
FTAI,2014,6.175,69710.435,53.01,12.5,6.55,0.07,2.29,1.93,1.65,196.27,-21.41,-68.66,nan,nan,788.87,3.76,48.7,52.92,0.08,0.05,nan,38.5,nan,9.48,0.14,0.07,-0.9839760922157392913049665576
FTAI,2013,7.358333333333333333333333333,66766.067,83.84,48.38,129.44,0.09,1.45,16.31,12.74,460.42,nan,1031.31,nan,nan,450.82,3.94,28.5,30.07,0.14,0.13,nan,24.78,1364.65,14.73,0.29,0.09,-0.1739743740449041965440225696
FTAI,2012,8.075,64621.020,63.46,-26.88,62.88,0.02,1.52,1.96,1.32,nan,nan,nan,nan,nan,426.88,2.43,33.96,34.33,0.07,0.07,nan,2.41,442.87,151.7,0.12,0.02,0.2029128959276018099547511312
FSIC,2016,4.866666666666666666666666667,74497.901,nan,nan,61.04,0.08,1.78,13.06,nan,-12.74,nan,666.68,656.25,nan,nan,nan,nan,44.1,nan,nan,0.74,nan,nan,nan,nan,0.08,-0.2794117647058823529411764706
FSIC,2015,5.266666666666666666666666667,72482.854,nan,nan,67.84,0.09,1.88,1.68,nan,-0.09,nan,-80.29,-79.49,700.0,nan,nan,nan,46.77,nan,nan,0.46,nan,nan,nan,nan,0.09,0.1345939933259176863181312570
GSBD,2016,4.866666666666666666666666667,74497.901,nan,nan,37.62,0.1,1.79,6.01,nan,2.86,nan,-12.82,-16.42,nan,nan,nan,nan,44.13,nan,nan,0.75,nan,nan,nan,nan,0.1,-0.05697278911564625850340136054
GSBD,2015,5.266666666666666666666666667,72482.854,nan,nan,43.76,0.1,1.64,7.38,nan,57.05,nan,26.29,28.85,nan,nan,nan,nan,39.21,nan,nan,0.61,nan,nan,nan,nan,0.1,0.2378947368421052631578947368
HTGC,2016,4.866666666666666666666666667,74497.901,nan,nan,57.54,0.09,1.86,8.96,nan,24.74,nan,60.09,54.24,nan,0.21,nan,nan,46.19,nan,nan,0.83,nan,nan,nan,nan,0.09,-0.07016300496102055279943302622
HTGC,2015,5.266666666666666666666666667,72482.854,nan,nan,44.84,0.07,1.86,6.02,nan,-16.82,nan,-39.71,-46.36,nan,0.2,nan,nan,46.27,nan,nan,0.77,nan,nan,nan,nan,0.07,0.1575061525840853158326497129
HTGC,2014,6.175,69710.435,nan,nan,62.73,0.09,1.97,10.88,nan,-15.25,nan,-28.42,-32.52,nan,0.17,nan,nan,49.29,nan,nan,0.95,nan,nan,nan,nan,0.09,-0.1807795698924731182795698925
HTGC,2013,7.358333333333333333333333333,66766.067,nan,nan,73.25,0.12,1.88,17.06,nan,74.76,nan,112.68,75.27,nan,0.23,nan,nan,46.8,nan,nan,0.86,nan,nan,nan,nan,0.12,-0.09268292682926829268292682927
HTGC,2012,8.075,64621.020,nan,nan,61.25,0.08,2.18,9.88,nan,16.64,nan,-0.38,-13.08,nan,0.11,nan,nan,54.08,nan,nan,1.16,nan,nan,nan,nan,0.08,0.4734950584007187780772686433
KAP,2016,4.866666666666666666666666667,74497.901,32.96,10.6,14.46,0.75,1.69,10.89,10.09,-6.07,10.1,38.88,38.9,6.57,3.78,52.36,26.05,34.81,2.21,1.69,0.01,102.18,90.61,3.57,3.51,0.75,-0.008624068992551940415523324187
KAP,2015,5.266666666666666666666666667,72482.854,30.7,9.04,10.55,0.82,1.69,8.31,7.67,9.01,6.56,-5.34,-5.31,88.1,4.02,47.95,21.17,35.26,2.48,1.85,0.07,93.72,82.41,3.89,3.76,0.82,0.02862903225806451612903225806
KAP,2014,6.175,69710.435,30.6,9.25,12.2,0.84,1.77,10.18,9.16,8.98,22.6,21.41,21.45,18.54,4.98,50.02,24.36,38.61,2.23,1.66,0.08,96.11,88.79,3.8,3.81,0.84,-0.02554027504911591355599214145
KAP,2013,7.358333333333333333333333333,66766.067,29.86,8.22,11.03,0.86,1.83,9.62,8.56,14.6,25.14,26.88,26.41,nan,5.8,50.47,28.67,41.41,1.89,1.4,0.08,100.98,97.77,3.61,4.09,0.86,0.007521773555027711797307996833
KAP,2012,8.075,64621.020,29.41,7.53,9.99,0.87,1.87,8.27,7.79,8.27,-8.46,10.42,10.41,nan,4.81,52.64,28.58,42.51,1.97,1.48,0.12,106.1,104.5,3.44,4.23,0.87,0.0003960396039603960396039603960
LXP,2016,4.866666666666666666666666667,74497.901,50.31,43.07,21.02,0.12,2.65,6.74,5.45,-0.31,3.51,-14.39,-17.78,nan,70.87,7.29,4.92,59.3,1.49,1.31,1.33,56.82,389.55,6.42,0.17,0.12,-0.1064814814814814814814814815
LXP,2015,5.266666666666666666666666667,72482.854,48.27,41.48,26.0,0.11,2.85,7.68,5.75,1.52,0.62,19.98,18.42,nan,119.81,7.69,3.85,62.18,2.01,1.94,1.54,42.8,242.35,8.53,0.16,0.11,0.35
LXP,2014,6.175,69710.435,84.98,41.78,11.4,0.11,2.71,6.14,5.41,6.51,33.54,5611.9,nan,nan,64.0,10.11,4.26,60.43,2.39,1.89,1.41,7.05,221.79,51.76,0.16,0.11,-0.2714025500910746812386156648
LXP,2013,7.358333333333333333333333333,66766.067,84.83,33.23,-4.9,0.11,2.65,-1.13,1.61,15.53,34.57,-99.1,nan,nan,166.84,6.0,4.24,59.56,1.42,1.18,1.36,7.99,322.8,45.69,0.15,0.11,0.07541625857002938295788442703
LXP,2012,8.075,64621.020,83.58,30.18,55.05,0.11,3.22,16.39,10.04,5.5,23.45,nan,nan,nan,87.98,4.12,6.1,61.47,0.68,0.55,1.65,7.74,374.09,47.16,0.14,0.11,-0.02296650717703349282296650718
MAIN,2016,4.866666666666666666666666667,74497.901,nan,80.94,77.2,0.09,1.73,12.23,8.85,8.35,7.04,33.0,25.35,nan,nan,2.96,17.96,42.24,0.16,0.16,0.42,12.17,nan,30.0,nan,0.09,0.08050040794125645906989393527
MAIN,2015,5.266666666666666666666666667,72482.854,nan,81.93,58.18,0.09,1.75,10.39,7.64,16.93,15.18,3.66,-7.79,nan,nan,3.28,16.96,43.01,0.19,0.19,0.46,36.63,nan,9.96,nan,0.09,0.2644429160935350756533700138
MAIN,2014,6.175,69710.435,nan,83.17,76.04,0.09,1.8,11.63,8.32,20.83,22.39,4.02,-12.83,nan,nan,6.84,15.66,44.5,0.43,0.43,0.52,29.99,nan,12.17,nan,0.09,-0.005471956224350205198358413133
MAIN,2013,7.358333333333333333333333333,66766.067,100.0,84.85,83.11,0.1,1.72,13.49,10.21,28.7,27.62,-7.22,-24.93,nan,nan,4.71,21.3,41.73,0.22,0.22,0.35,nan,nan,nan,nan,0.1,-0.1055368614255123891098195167
MCC,2014,6.175,69710.435,nan,nan,53.91,0.09,1.81,8.41,nan,43.43,nan,32.32,-15.38,nan,nan,nan,nan,44.88,nan,nan,0.51,nan,nan,nan,nan,0.09,-0.1861471861471861471861471861
MCC,2013,7.358333333333333333333333333,66766.067,nan,nan,57.49,0.12,1.52,9.86,nan,73.35,nan,75.94,4.0,nan,nan,nan,nan,34.33,nan,nan,0.5,nan,nan,nan,nan,0.12,-0.3328519855595667870036101083
MCC,2012,8.075,64621.020,nan,nan,58.43,0.12,1.44,8.84,nan,174.55,nan,134.99,127.27,nan,nan,nan,nan,30.41,nan,nan,0.33,nan,nan,nan,nan,0.12,-0.04876373626373626373626373626
MIN,2015,5.266666666666666666666666667,72482.854,nan,nan,nan,0.13,1.3,-5.23,-3.57,7.35,nan,nan,nan,nan,nan,81.18,22.82,22.82,3.56,0.21,nan,44.42,2379.85,8.22,10.17,0.13,-0.02844638949671772428884026258
MIN,2014,6.175,69710.435,95.26,-8.77,-23.77,0.13,1.23,-3.75,-1.27,14.9,nan,nan,nan,nan,10.93,80.52,19.02,19.02,4.23,0.22,nan,32.8,1902.97,11.13,9.55,0.13,-0.04393305439330543933054393305
MIN,2013,7.358333333333333333333333333,66766.067,95.75,-7.64,-17.46,0.12,1.22,-2.49,-1.73,-35.64,nan,nan,nan,nan,16.66,80.48,11.36,18.1,7.09,0.28,0.08,21.11,2675.94,17.29,8.26,0.12,-0.07722007722007722007722007722
APF,2016,4.866666666666666666666666667,74497.901,85.44,67.66,143.68,0.08,1.22,14.17,13.52,126.94,519.8,nan,nan,nan,nan,7.08,0.71,18.0,9.95,9.3,0.03,144.09,13.87,2.53,1.4,0.08,0.3803450862715678919729932483
APF,2015,5.266666666666666666666666667,72482.854,70.37,23.61,-351.03,0.04,1.21,-13.97,-13.5,149.44,nan,nan,nan,nan,478.95,5.5,0.89,17.67,6.2,5.53,0.04,177.35,9.79,2.06,0.82,0.04,-0.03615328994938539407086044830
APF,2014,6.175,69710.435,78.2,-80.49,nan,0.02,1.24,-25.17,-25.47,-76.37,nan,nan,nan,nan,418.33,7.03,1.81,19.32,3.87,3.66,nan,389.85,36.07,0.94,0.22,0.02,-0.06868686868686868686868686869
APF,2013,7.358333333333333333333333333,66766.067,94.2,71.97,-359.08,0.05,1.2,-16.41,-17.01,11.03,3.45,nan,nan,nan,21.95,8.11,0.47,16.42,17.15,15.2,nan,53.21,31.84,6.86,0.37,0.05,-0.1032608695652173913043478261
APF,2012,8.075,64621.020,93.28,69.31,119.0,0.04,1.17,3.26,3.1,-62.21,-67.15,-72.57,-72.63,nan,173.56,7.35,1.12,14.85,6.54,6.54,nan,185.64,36.93,1.97,0.21,0.04,0.1054739652870493991989319092
NAP,2016,4.866666666666666666666666667,74497.901,95.04,41.28,27.1,0.19,1.74,9.01,7.93,10.16,0.12,-8.06,-13.65,nan,0.54,12.84,3.03,100.0,9.94,9.75,0.72,14.65,112.01,24.91,0.24,0.19,-0.1168831168831168831168831169
NAP,2015,5.266666666666666666666666667,72482.854,96.76,45.42,32.48,0.19,1.72,209.62,21.68,31.21,42.79,2225.77,nan,nan,86.67,9.54,2.03,100.0,11.25,11.22,0.71,12.62,111.78,28.93,0.23,0.19,-0.06015693112467306015693112467
NAP,2014,6.175,69710.435,96.78,41.74,1.83,0.16,nan,nan,nan,-0.2,2.52,nan,nan,nan,nan,8.19,13.87,289.04,1.71,1.7,nan,4.22,144.04,86.44,0.19,0.16,-0.05596707818930041152263374486
NAP,2013,7.358333333333333333333333333,66766.067,95.57,40.63,-45.0,0.15,5.06,-5.14,6.77,-0.62,2.73,nan,nan,nan,nan,10.72,0.86,100.0,15.48,15.41,4.03,4.18,51.86,87.32,0.18,0.15,34.73529411764705882352941176
NMFC,2016,4.866666666666666666666666667,74497.901,nan,66.7,55.52,0.01,1.86,11.09,-0.19,13.71,nan,-2.04,-13.75,nan,nan,3.48,46.17,46.32,0.08,0.08,nan,22.62,nan,16.14,nan,0.01,-0.03900709219858156028368794326
NMFC,2015,5.266666666666666666666666667,72482.854,nan,66.14,66.15,0.01,1.76,12.58,-0.45,-31.36,nan,238.88,190.91,nan,nan,3.93,43.2,43.32,0.09,0.09,nan,26.05,nan,14.01,nan,0.01,0.08294930875576036866359447005
NMFC,2014,6.175,69710.435,nan,65.05,22.29,0.01,1.91,4.02,-5.29,38.32,nan,-27.69,-36.05,nan,nan,2.76,47.63,47.76,0.06,0.06,nan,122.79,nan,2.97,nan,0.01,-0.1285140562248995983935742972
NMFC,2013,7.358333333333333333333333333,66766.067,nan,83.71,34.29,0.01,1.89,6.28,-4.83,67.42,nan,-26.4,-51.14,nan,nan,2.94,46.85,47.05,0.06,0.06,nan,163.24,nan,2.24,nan,0.01,-0.006648936170212765957446808511
NMFC,2012,8.075,64621.020,100.0,100.0,68.14,0.01,1.0,12.48,-4.64,455.6,nan,94.82,-17.76,nan,nan,nan,nan,nan,nan,nan,nan,104.44,nan,3.49,nan,0.01,0.009395973154362416107382550336
NBB,2016,4.866666666666666666666666667,74497.901,87.02,-21.6,-22.56,1.38,1.66,-66.31,-44.29,-34.51,nan,nan,nan,nan,0.42,57.12,36.72,39.81,1.56,1.56,nan,94.04,176.54,3.88,75.48,1.38,0.08919722497522299306243805748
NBB,2015,5.266666666666666666666666667,72482.854,78.89,-1.2,-4.04,2.12,2.76,-26.2,-14.32,13.74,nan,nan,nan,nan,0.27,63.38,55.42,66.15,1.07,0.96,0.23,61.42,103.94,5.94,92.45,2.12,0.004479840716774514683922349428
NBB,2014,6.175,69710.435,93.08,-11.13,-19.56,1.67,2.05,-63.25,-47.13,0.65,nan,nan,nan,nan,0.23,61.63,51.35,54.28,1.13,1.0,nan,74.34,320.6,4.91,54.87,1.67,-0.05146364494806421152030217186
NBB,2013,7.358333333333333333333333333,66766.067,97.62,-16.95,-16.9,1.44,1.84,-36.0,-26.89,-1.09,nan,nan,nan,nan,1.79,57.43,42.79,45.28,1.35,1.28,nan,81.98,404.11,4.45,48.56,1.44,0.1485900216919739696312364425
JHD,2016,4.866666666666666666666666667,74497.901,42.44,20.38,20.12,1.25,1.89,34.58,35.02,-0.49,3.05,3.9,4.29,18.41,2.14,76.76,32.49,47.01,2.36,1.27,nan,47.96,87.06,7.61,6.9,1.25,-0.007920792079207920792079207921
NUM,2016,4.866666666666666666666666667,74497.901,nan,25.58,28.96,0.37,2.46,21.59,21.31,14.65,12.86,22.51,22.4,nan,0.31,98.26,59.4,59.41,1.65,1.61,nan,256.63,nan,1.42,27.33,0.37,-0.005997001499250374812593703148
NUM,2015,5.266666666666666666666666667,72482.854,nan,28.48,26.62,0.27,2.47,19.1,18.77,5.52,8.37,7.43,7.02,nan,4.2,97.65,59.59,59.59,1.64,1.61,nan,806.29,nan,0.45,32.89,0.27,-0.02556610664718772826880934989
NUM,2014,6.175,69710.435,nan,25.73,26.24,0.25,3.91,18.5,18.12,19.58,8.32,11.04,9.62,nan,0.3,98.99,74.42,74.42,1.33,1.31,nan,914.06,nan,0.4,59.43,0.25,0.001463057790782735918068763716
NUM,2013,7.358333333333333333333333333,66766.067,100.0,28.4,29.13,0.24,2.91,17.72,17.32,55.08,455.9,447.23,420.0,nan,0.25,98.56,65.69,65.69,1.5,1.48,nan,932.12,nan,0.39,43.01,0.24,0.09185303514376996805111821086
NXR,2016,4.866666666666666666666666667,74497.901,nan,7.08,6.53,1.21,4.47,25.92,18.85,6.21,30.47,58.54,60.0,35.14,2.8,56.11,31.77,77.63,1.77,0.8,0.75,65.6,nan,5.56,6.22,1.21,0.07198306280875088214537755822
NXR,2015,5.266666666666666666666666667,72482.854,nan,4.77,4.95,1.23,3.39,13.87,10.73,1.55,nan,-5.75,-7.14,21.31,3.15,56.18,32.79,70.51,1.71,0.75,0.35,59.98,nan,6.08,5.96,1.23,-0.02544704264099037138927097662
NXR,2014,6.175,69710.435,nan,6.17,2.65,1.17,2.78,13.69,10.06,3.8,48.84,-4.4,-12.5,nan,1.92,56.09,31.89,64.05,1.75,0.74,0.47,59.92,nan,6.09,5.44,1.17,0.02106741573033707865168539326
NXR,2013,7.358333333333333333333333333,66766.067,100.0,3.44,2.59,1.17,3.11,13.72,8.87,5.19,-35.82,-3.19,nan,nan,3.34,54.68,28.23,67.8,1.94,0.89,0.6,60.45,nan,6.04,4.5,1.17,0.1055900621118012422360248447
PZC,2016,4.866666666666666666666666667,74497.901,37.88,12.1,10.19,0.74,2.32,14.15,9.69,0.26,0.82,29.2,29.82,nan,4.32,42.79,49.31,55.17,0.9,0.62,nan,59.47,72.34,6.14,3.77,0.74,-0.07936507936507936507936507937
PZC,2015,5.266666666666666666666666667,72482.854,39.78,10.41,10.26,0.8,2.32,11.18,8.88,-4.91,-30.99,-42.67,-42.0,nan,5.12,39.28,47.58,55.07,0.86,0.47,nan,60.47,79.65,6.04,4.05,0.8,-0.04865771812080536912751677852
PZC,2014,6.175,69710.435,39.12,14.35,14.36,0.86,2.07,18.95,15.65,-2.47,26.38,44.85,45.92,-50.0,3.83,42.99,31.28,49.08,1.45,0.84,0.21,54.83,81.12,6.66,4.2,0.86,0.1129785247432306255835667600
PZC,2013,7.358333333333333333333333333,66766.067,37.85,11.07,10.73,0.91,2.1,13.44,11.3,2.83,4.49,83.43,83.98,373.37,2.62,45.25,31.41,49.17,1.54,0.9,0.18,50.67,75.17,7.2,4.16,0.91,0.1641304347826086956521739130
PTY,2016,4.866666666666666666666666667,74497.901,nan,1.66,1.05,3.48,4.11,12.91,6.81,8.16,nan,nan,nan,nan,0.16,79.16,68.58,75.69,1.15,1.0,nan,33.69,nan,10.83,728.29,3.48,0.1502445842068483577917540182
PTY,2015,5.266666666666666666666666667,72482.854,nan,-0.44,-3.95,3.08,4.34,-52.56,-19.43,-8.04,nan,nan,nan,nan,0.53,70.15,71.15,76.95,0.99,0.96,nan,43.02,nan,8.48,216.99,3.08,0.07271364317841079460269865067
PTY,2014,6.175,69710.435,nan,-0.28,-0.44,2.97,3.26,-4.72,0.06,0.34,nan,nan,nan,nan,1.3,63.95,61.98,69.31,1.03,1.01,nan,38.72,nan,9.43,197.15,2.97,-0.1610062893081761006289308176
PTY,2013,7.358333333333333333333333333,66766.067,100.0,-1.15,-1.03,3.14,3.43,-24.39,-8.41,7.06,nan,nan,nan,nan,0.97,71.77,64.02,70.81,1.12,1.09,nan,32.88,265.61,11.1,245.52,3.14,-0.07879490150637311703360370800
PHD,2016,4.866666666666666666666666667,74497.901,82.45,9.71,9.3,0.72,2.33,20.33,16.68,12.52,18.96,23.26,20.41,121.26,13.15,25.68,40.82,57.16,0.63,0.51,0.2,45.96,59.67,7.94,51.32,0.72,-0.03369839932603201347935973041
PHD,2015,5.266666666666666666666666667,72482.854,80.38,9.19,8.83,0.77,2.08,19.21,16.86,69.65,888.75,526.09,444.44,178.55,12.86,28.11,35.94,51.86,0.78,0.66,0.11,37.07,45.11,9.85,64.73,0.77,0.09400921658986175115207373272
PHD,2014,6.175,69710.435,73.65,1.58,1.44,0.64,2.2,4.05,3.52,26.21,-43.06,-7.74,-18.18,nan,12.38,25.24,33.03,54.61,0.76,0.64,0.12,40.13,37.39,9.1,85.29,0.64,-0.04657293497363796133567662566
PHD,2013,7.358333333333333333333333333,66766.067,69.66,3.49,3.78,0.76,1.66,5.54,5.23,7.04,274.67,126.62,120.0,nan,14.88,35.12,29.18,39.73,1.2,1.06,nan,39.01,26.4,9.36,101.8,0.76,-0.1053459119496855345911949686
PBB,2016,4.866666666666666666666666667,74497.901,nan,nan,100.0,0.01,22.38,7.11,nan,34.71,nan,-14.35,-14.62,nan,193.17,nan,nan,95.53,nan,nan,14.74,nan,nan,nan,65.11,0.01,0.03187250996015936254980079681
PBB,2015,5.266666666666666666666666667,72482.854,nan,nan,100.0,0.01,24.31,7.36,nan,9.02,nan,5650.0,nan,nan,62.45,nan,nan,95.89,nan,nan,15.94,nan,nan,nan,48.33,0.01,2.020457280385078219013237064
PCF,2015,5.266666666666666666666666667,72482.854,29.69,14.93,4.63,0.46,8.75,14.49,5.39,6.18,20.24,120.49,62.5,nan,0.3,36.05,12.79,88.58,2.82,2.81,6.62,1.08,4.53,336.75,479.29,0.46,0.1217510259917920656634746922
PCF,2014,6.175,69710.435,29.44,13.18,2.92,0.48,8.94,7.42,4.65,3.11,13.41,27.53,-11.11,nan,0.42,39.6,10.65,88.82,3.72,3.69,6.99,0.68,5.03,536.55,418.2,0.48,-0.09864364981504315659679408138
PCF,2013,7.358333333333333333333333333,66766.067,29.34,11.98,2.0,0.47,9.11,6.34,3.99,-20.47,-16.17,19.83,nan,nan,0.42,43.87,10.29,89.02,4.26,3.22,7.15,0.8,4.53,457.13,449.67,0.47,-0.01815980629539951573849878935
PMO,2016,4.866666666666666666666666667,74497.901,55.3,-40.23,-44.17,0.17,7.49,15.88,6.0,-7.85,-39.61,nan,nan,nan,73.31,10.37,13.63,86.65,0.76,0.53,3.37,52.22,30.62,6.99,0.37,0.17,0.03347280334728033472803347280
PMO,2015,5.266666666666666666666666667,72482.854,38.06,29.49,-77.74,0.19,7.22,-84.68,-28.22,-34.5,-41.85,nan,nan,nan,92.97,15.36,11.2,86.15,1.37,1.05,3.56,69.58,2543.79,5.25,0.42,0.19,-0.02687296416938110749185667752
PMO,2014,6.175,69710.435,97.02,36.33,-22.25,0.27,3.25,-10.52,-3.84,8.55,66.25,nan,nan,nan,73.37,18.35,16.31,69.25,1.13,0.69,1.11,65.41,665.28,5.58,0.61,0.27,0.02418682235195996663886572143
PMO,2013,7.358333333333333333333333333,66766.067,99.35,38.02,19.01,0.28,2.74,11.48,7.64,6.55,-23.46,-7.14,-7.89,nan,58.49,17.52,11.28,63.46,1.55,1.31,0.89,62.79,32.5,5.81,0.54,0.28,0.1163873370577281191806331471
RIV,2016,4.866666666666666666666666667,74497.901,nan,22.72,23.95,0.55,2.26,20.22,20.17,45.01,117.31,127.72,116.5,nan,0.12,33.2,14.12,55.74,2.35,2.26,nan,32.28,nan,11.31,213.88,0.55,0.07634408602150537634408602151
SPE,2016,4.866666666666666666666666667,74497.901,70.38,14.32,13.08,0.98,2.59,54.24,32.62,11.09,114.94,280.99,219.06,60.21,9.41,73.65,51.52,61.39,1.43,1.38,0.26,120.43,48.33,3.03,109.97,0.98,0.09090909090909090909090909091
SPE,2015,5.266666666666666666666666667,72482.854,72.48,7.4,5.73,1.1,3.69,23.14,13.72,14.16,nan,nan,nan,299.6,10.45,71.72,58.32,72.93,1.23,1.19,0.54,111.22,53.53,3.28,93.66,1.1,0.03333333333333333333333333333
SPE,2014,6.175,69710.435,66.06,-6.02,-8.3,1.0,4.16,-30.29,-10.9,-16.43,nan,nan,nan,nan,13.9,65.05,57.36,75.98,1.13,1.08,0.77,139.8,51.14,2.61,62.04,1.0,-0.1411841249186727391021470397
SPE,2013,7.358333333333333333333333333,66766.067,69.79,4.57,2.56,1.16,3.28,10.17,9.49,6.98,2.04,23.83,25.67,nan,10.16,68.78,52.35,69.52,1.31,1.26,0.56,114.0,57.0,3.2,68.07,1.16,-0.1191977077363896848137535817
SPE,2012,8.075,64621.020,71.48,4.79,2.22,1.19,3.54,9.03,9.73,28.26,33.57,181.23,97.76,nan,1.07,67.74,53.46,71.79,1.27,1.22,0.65,94.09,52.93,3.88,71.04,1.19,0.1625582944703530979347101932
SCA,2013,7.358333333333333333333333333,66766.067,25.08,9.61,8.7,0.65,2.25,9.02,7.69,4.23,44.83,11.92,17.91,-29.81,5.98,23.75,24.39,54.56,0.99,0.6,0.17,57.36,67.63,6.36,1.81,0.65,0.02186361270171785528370640292
SCA,2012,8.075,64621.020,24.87,7.01,5.72,0.63,2.2,8.23,6.93,5.01,154.59,716.47,nan,30.56,6.36,24.83,24.89,54.45,1.0,0.55,0.17,54.82,65.67,6.66,1.91,0.63,0.6689834926151172893136403128
SCM,2016,4.866666666666666666666666667,74497.901,74.87,2.75,1.1,1.11,6.99,7.99,15.55,-10.01,-61.98,-67.49,-68.29,-28.53,1.08,44.92,19.66,85.69,2.29,1.08,0.04,28.33,61.3,12.89,2.89,1.11,0.08955223880597014925373134328
SCM,2015,5.266666666666666666666666667,72482.854,74.12,6.48,4.63,1.26,5.43,23.97,27.12,0.69,-0.03,28.52,28.13,-39.99,1.81,46.15,21.49,81.58,2.15,0.95,0.13,20.32,49.29,17.97,3.04,1.26,0.2510373443983402489626556017
SCM,2014,6.175,69710.435,69.61,6.72,3.9,1.25,6.32,20.09,14.03,1.14,506.58,nan,nan,37.59,0.99,40.07,24.31,84.17,1.65,0.69,0.01,16.3,46.81,22.4,2.8,1.25,-0.1816638370118845500848896435
SCM,2013,7.358333333333333333333333333,66766.067,63.87,1.12,-2.33,1.14,6.2,-20.37,-13.25,-14.96,nan,nan,nan,nan,1.77,38.6,25.83,83.88,1.49,0.53,0.24,18.89,63.06,19.32,2.58,1.14,-0.2088650100738750839489590329
TSI,2016,4.866666666666666666666666667,74497.901,nan,nan,nan,0.01,1.61,-92.09,-32.51,162.43,nan,nan,nan,nan,nan,66.94,38.03,38.03,1.76,1.69,nan,nan,nan,nan,nan,0.01,0.1013133208255159474671669794
TSI,2015,5.266666666666666666666666667,72482.854,nan,nan,nan,0.01,13.01,nan,-82.79,nan,nan,nan,nan,nan,nan,70.3,10.6,92.31,6.63,6.16,10.63,nan,nan,nan,nan,0.01,0.01138519924098671726755218216
TSI,2014,6.175,69710.435,100.0,nan,nan,nan,32.31,-130.08,-12.2,nan,nan,nan,nan,nan,nan,50.51,10.01,96.91,5.05,4.49,28.08,nan,nan,nan,nan,nan,-0.02226345083487940630797773655
THW,2016,4.866666666666666666666666667,74497.901,27.15,14.0,5.77,0.28,1.66,2.67,3.3,-40.84,-6.5,35.29,35.09,300.0,19.04,8.22,16.4,39.84,0.5,0.49,0.26,117.71,103.71,3.1,0.32,0.28,0.05996884735202492211838006231
THW,2015,5.266666666666666666666666667,72482.854,28.13,12.53,-7.42,0.46,1.74,1.86,2.22,-0.79,19.42,nan,nan,-65.79,20.59,15.61,12.88,42.46,1.21,1.12,0.26,76.4,69.6,4.78,0.53,0.46,-0.1888818698673404927353126974
GDL,2016,4.866666666666666666666666667,74497.901,-14.17,-100.38,-133.62,0.08,1.66,-12.92,-9.77,-76.09,nan,nan,nan,nan,4.45,12.89,31.02,39.85,0.41,0.17,0.13,66.45,480.29,5.49,0.09,0.08,-0.01117886178861788617886178862
GDL,2015,5.266666666666666666666666667,72482.854,19.94,-11.0,-25.17,0.28,1.49,-10.42,-8.49,22.5,nan,nan,nan,nan,1.2,13.15,32.06,33.26,0.41,0.15,nan,25.9,229.49,14.09,0.34,0.28,-0.01698301698301698301698301698
GDL,2014,6.175,69710.435,25.68,-11.51,-21.69,0.2,1.57,-7.57,-4.41,-20.0,nan,nan,nan,nan,5.14,19.1,35.61,36.79,0.53,0.28,nan,34.27,404.32,10.65,0.26,0.2,-0.02150537634408602150537634409
GDL,2013,7.358333333333333333333333333,66766.067,28.38,-0.99,3.56,0.25,1.66,0.22,1.38,-49.89,nan,-90.44,-82.61,nan,2.59,25.55,39.05,39.89,0.65,0.48,nan,12.95,369.21,28.18,0.32,0.25,-0.07168784029038112522686025408
GDL,2012,8.075,64621.020,20.45,7.24,5.67,0.6,1.44,2.33,3.26,38.98,9.57,-34.36,-23.33,nan,51.5,17.84,30.28,30.68,0.58,0.2,nan,11.42,110.03,31.97,0.89,0.6,-0.03502626970227670753064798599
NTG,2016,4.866666666666666666666666667,74497.901,25.72,14.93,12.56,0.71,1.87,13.7,8.84,0.66,-3.57,-7.97,-7.52,3304.28,1.0,11.99,9.4,46.38,1.28,1.0,0.68,35.27,19.83,10.35,0.84,0.71,-0.07676130389064143007360672976
NTG,2015,5.266666666666666666666666667,72482.854,27.52,15.59,13.51,0.73,2.0,16.35,10.04,7.49,50.71,67.49,67.92,-91.83,1.07,12.1,9.89,49.98,1.22,0.97,0.79,37.57,22.24,9.71,0.87,0.73,0.09562211981566820276497695853
NTG,2014,6.175,69710.435,23.92,11.12,8.96,0.7,2.11,10.53,6.6,-6.3,-23.28,nan,nan,-73.25,1.13,14.19,8.82,52.62,1.61,1.35,0.91,42.71,21.7,8.55,0.84,0.7,-0.3784461152882205513784461153
NTG,2013,7.358333333333333333333333333,66766.067,23.53,13.03,-1.87,0.74,2.18,-2.01,1.63,-13.7,-18.15,nan,nan,-33.37,1.66,14.67,7.62,54.2,1.93,1.51,1.01,45.95,18.64,7.94,0.89,0.74,0.02120658135283363802559414991
NTG,2012,8.075,64621.020,23.46,14.32,6.51,0.74,2.33,11.47,8.64,-1.23,-2.49,37.68,36.87,nan,1.37,15.15,23.91,57.07,0.63,0.52,0.71,50.58,19.25,7.22,0.95,0.74,0.1158710730314157486740106079
TSLX,2016,4.866666666666666666666666667,74497.901,nan,nan,82.24,0.11,1.76,15.46,nan,11.82,nan,115.53,98.31,nan,nan,nan,nan,43.17,nan,nan,0.71,nan,nan,nan,nan,0.11,0.05995717344753747323340471092
TSLX,2015,5.266666666666666666666666667,72482.854,nan,nan,42.98,0.11,1.85,7.68,nan,2.13,nan,-25.26,-29.76,nan,nan,nan,nan,45.89,nan,nan,0.8,nan,nan,nan,nan,0.11,0.1516646115906288532675709001
TSLX,2014,6.175,69710.435,nan,nan,58.14,0.13,1.56,12.06,nan,80.47,nan,26.97,-12.95,nan,nan,nan,nan,35.92,nan,nan,0.47,nan,nan,nan,nan,0.13,-0.03567181926278240190249702735
TCAP,2016,4.866666666666666666666666667,74497.901,nan,12.67,100.0,0.06,13.7,3.54,3.06,12.0,-39.87,-47.89,-48.35,nan,1.96,92.12,91.5,92.69,1.01,1.0,0.04,70.26,nan,5.2,28.3,0.06,-0.4825517993456924754634678299
TCAP,2015,5.266666666666666666666666667,72482.854,nan,15.31,100.0,0.21,6.54,16.55,12.83,13.15,156.09,236.99,197.32,nan,1.75,85.5,80.66,84.7,1.06,1.05,0.15,41.73,nan,8.75,28.03,0.21,-0.04029304029304029304029304029
TCAP,2014,6.175,69710.435,nan,6.77,100.0,0.13,8.7,5.73,5.13,-12.47,-52.5,-62.5,-62.79,-711.0,1.56,88.54,81.82,88.51,1.08,1.07,0.48,40.99,nan,8.91,24.18,0.13,-0.05815672745194677180877279448
TCAP,2013,7.358333333333333333333333333,66766.067,nan,12.47,100.0,0.12,16.38,17.13,12.09,-5.54,nan,nan,nan,nan,2.13,94.0,90.02,93.89,1.04,1.03,0.55,1331.0,nan,0.27,29.49,0.12,-0.2661844484629294755877034358
TCAP,2012,8.075,64621.020,100.0,-2.81,100.0,0.13,17.77,-14.02,-6.97,-6.53,nan,nan,nan,nan,2.08,94.21,90.18,94.37,1.04,1.03,0.67,2352.98,nan,0.16,35.6,0.13,0.08473911337779521380933699490
TPVG,2016,4.866666666666666666666666667,74497.901,nan,70.75,25.5,0.11,2.01,4.97,-7.19,3.68,4.79,-28.32,-33.01,nan,nan,13.8,50.29,50.29,0.27,0.22,nan,nan,nan,nan,nan,0.11,0.07724957555178268251273344652
TPVG,2015,5.266666666666666666666666667,72482.854,nan,66.41,36.88,0.12,1.65,8.24,-5.85,nan,nan,nan,nan,nan,nan,28.93,25.57,39.41,1.13,1.05,0.23,nan,nan,nan,nan,0.12,-0.01505016722408026755852842809
IDE,2016,4.866666666666666666666666667,74497.901,41.09,-8.74,-9.44,0.81,1.57,-9.24,-7.91,nan,nan,nan,nan,nan,6.0,11.95,21.16,36.49,0.56,0.43,0.11,27.67,41.06,13.19,6.35,0.81,0.2236746550472040668119099492
IDE,2013,7.358333333333333333333333333,66766.067,nan,nan,nan,0.57,1.27,42.48,42.31,-67.12,nan,92.86,107.33,-95.25,nan,50.68,19.8,21.33,2.56,1.63,nan,21.66,117.61,16.84,35.26,0.57,-0.08528037383177570093457943925
IDE,2012,8.075,64621.020,35.74,-3.75,-3.52,2.0,1.51,25.41,25.39,51.08,28.16,28.97,26.52,nan,24.79,48.88,28.61,33.61,1.72,1.6,nan,10.5,45.08,34.75,93.37,2.0,0.04453935326418547895057962172
IRR,2015,5.266666666666666666666666667,72482.854,nan,nan,nan,nan,1.02,-21.81,-21.8,-58.76,nan,nan,nan,nan,nan,82.49,1.54,1.54,53.7,53.57,nan,nan,nan,nan,0.09,nan,0.1721611721611721611721611722
IRR,2014,6.175,69710.435,nan,nan,nan,nan,2.62,-304.15,-298.66,22.64,nan,nan,nan,nan,nan,21.03,61.8,61.8,0.34,0.04,nan,4433.0,nan,0.08,0.17,nan,-0.3413751507840772014475271411
IRR,2013,7.358333333333333333333333333,66766.067,100.0,nan,nan,nan,1.47,-156.24,-125.29,-11.92,nan,nan,nan,nan,nan,4.68,31.89,31.89,0.15,0.15,nan,4568.04,nan,0.08,0.1,nan,-0.1549439347604485219164118247
IRR,2012,8.075,64621.020,100.0,nan,nan,nan,1.81,-249.97,-131.07,-83.55,nan,nan,nan,nan,nan,19.48,44.84,44.84,0.43,0.43,nan,2378.09,nan,0.15,0.1,nan,-0.05125725338491295938104448743
WRE,2016,4.866666666666666666666666667,74497.901,nan,nan,nan,0.01,1.16,-986.16,-986.16,27.49,nan,nan,nan,nan,98.46,33.82,13.56,13.56,2.49,2.23,nan,492.87,nan,0.74,nan,0.01,-0.04802691954726215968185989599
WRE,2015,5.266666666666666666666666667,72482.854,nan,nan,nan,0.01,1.64,-252.94,-254.3,-40.71,nan,nan,nan,nan,nan,72.72,39.03,39.03,1.86,1.67,nan,271.96,nan,1.34,0.65,0.01,0.2080561714708056171470805617
WRE,2014,6.175,69710.435,nan,nan,nan,0.01,2.62,-317.45,-235.3,-33.73,nan,nan,nan,nan,nan,84.28,61.87,61.87,1.36,1.25,nan,19.3,nan,18.9,0.62,0.01,-0.02169197396963123644251626898
WRE,2013,7.358333333333333333333333333,66766.067,nan,nan,nan,0.02,1.98,-180.97,-152.96,-58.46,nan,nan,nan,nan,nan,56.57,49.52,49.52,1.14,1.01,nan,897.86,nan,0.41,0.6,0.02,0.1840753424657534246575342466
WRE,2012,8.075,64621.020,100.0,nan,nan,0.03,1.17,-85.29,-83.51,-57.95,nan,nan,nan,nan,1.28,65.21,14.22,14.22,4.59,4.12,nan,644.66,nan,0.57,0.94,0.03,-0.1066921606118546845124282983
GLO,2016,4.866666666666666666666666667,74497.901,29.74,25.92,4.74,0.25,12.45,13.39,6.11,7.75,41.02,nan,nan,nan,6.57,18.81,13.96,91.61,1.41,1.05,8.21,98.24,88.64,3.72,0.42,0.25,0.2156424581005586592178770950
GLO,2015,5.266666666666666666666666667,72482.854,25.68,19.76,-3.75,0.23,13.54,-12.26,2.54,4.72,34.09,nan,nan,nan,33.39,21.01,23.59,92.31,0.93,0.74,7.74,146.83,107.76,2.49,0.38,0.23,-0.1427203065134099616858237548
GLO,2014,6.175,69710.435,20.81,15.43,-15.97,0.21,11.09,-39.89,-0.5,nan,nan,nan,nan,nan,56.64,22.1,26.67,90.52,0.87,0.69,5.63,137.05,84.69,2.66,0.36,0.21,-0.1856474258970358814352574103
MAB,2016,4.866666666666666666666666667,74497.901,nan,15.24,4.51,0.42,3.53,6.64,6.23,-0.71,-3.05,-13.59,-13.65,-33.73,8.01,6.77,13.05,71.64,0.52,0.46,1.36,0.61,62.93,596.0,0.48,0.42,-0.01638123603871928518242740134
MAB,2015,5.266666666666666666666666667,72482.854,72.77,15.61,6.0,0.44,3.76,8.39,6.44,6.65,24.24,10.75,10.67,50.91,7.62,7.38,13.28,73.42,0.56,0.5,1.54,0.52,35.8,700.33,0.5,0.44,-0.09440323668240053944706675657
MAB,2014,6.175,69710.435,52.49,15.28,6.24,0.43,4.01,7.74,5.91,3.96,-6.71,-31.11,-31.19,-35.29,8.22,7.19,13.01,75.09,0.55,0.47,1.7,0.46,62.07,788.0,0.48,0.43,0.04731638418079096045197740113
MAB,2013,7.358333333333333333333333333,66766.067,71.93,14.83,7.49,0.42,3.67,11.7,7.69,0.32,-0.35,92.86,92.35,193.1,6.7,10.31,9.46,72.75,1.09,0.94,1.7,2.41,nan,151.6,0.49,0.42,0.1530944625407166123778501629
FEN,2016,4.866666666666666666666666667,74497.901,57.29,13.81,13.81,0.43,1.05,5.01,4.93,1.41,-37.94,-34.11,-42.77,nan,18.32,43.87,4.55,4.55,9.65,9.26,nan,63.83,58.8,5.72,10.18,0.43,0.03111629716063788409179307662
FEN,2015,5.266666666666666666666666667,72482.854,62.96,22.57,20.37,0.53,1.1,9.77,9.47,10.83,-9.63,-22.84,-27.4,nan,0.06,50.1,9.4,9.4,5.33,5.19,nan,56.38,65.81,6.47,552.24,0.53,0.1178260869565217391304347826
FEN,2014,6.175,69710.435,68.44,27.68,27.55,0.61,1.13,17.33,16.72,3.37,12.31,25.47,24.43,nan,0.1,42.55,11.12,11.12,3.83,3.68,nan,59.8,92.17,6.1,227.43,0.61,-0.3698630136986301369863013699
FEN,2013,7.358333333333333333333333333,66766.067,64.41,25.47,25.27,0.62,1.23,15.98,14.48,15.14,34.78,80.64,67.62,nan,0.07,44.0,18.58,18.74,2.37,2.3,nan,57.38,66.11,6.36,130.66,0.62,0.1307311028500619578686493185
FEN,2012,8.075,64621.020,60.27,21.76,21.54,0.6,1.4,10.24,8.94,4.75,20.48,-0.78,-4.55,827.0,0.2,38.86,22.84,23.12,1.83,1.77,nan,41.67,45.06,8.76,138.19,0.6,0.05318107667210440456769983687
